ChinID	CF_kHz	Threshold_dBSPL	Q10local	Q10global	TTR_dB	SpontRate	HearingStatus	CF2LFpow	CFpow	LFpow	DrivenRate
374	1.795553049	14.5553742219893	3.27830973378154	3.27830973378154	34.7789632438177	97.3666666666667	1	2.91951223084757	-9.75869804544678	-12.6782102762944	97.8666666666629
374	1.366847073	16.0700550891158	3.59605392001548	3.59605392001548	37.8493169066607	65.4666666666667	1	3.65724646336446	-8.03656719351986	-11.6938136568843	74.733333333331
374	1.953774247	23.7957186291548	2.18228197629305	2.18228197629305	20.7589289815705	93.5666666666667	1	1.33420633875417	-10.4646742147224	-11.7988805534765	103.099999999996
374	1.323395311	25.5636232780863	1.87822826735464	1.87822826735464	19.7309776988016	81.1	1	4.58210525953353	-8.02217106307461	-12.6042763226081	82.6999999999972
374	1.005098493	13.6752372071865	2.74888558291649	2.74888558291649	NaN	78.8666666666667	1	2.93411043146125	-8.98523670382789	-11.9193471352891	89.0499999999968
374	0.8650737676	28.3078615611342	1.5122998029595	1.5122998029595	NaN	91.2	1	1.06673755962544	-9.95907032871102	-11.0258078883365	91.9333333333298
374	1.658721421	10.1435030184164	3.81470513167326	3.81470513167326	36.2398791122047	81.1333333333333	1	3.41527908384944	-9.06715792606124	-12.4824370099107	94.8999999999965
374	1.862056413	22.0345048169592	2.00446791822902	2.00446791822902	29.6416526937453	6.4333	1	0.838079913937861	-10.5378029653889	-11.3758828793268	26.5999999999999
374	1.423625354	24.3774292828207	3.16986462387206	3.16986462387206	NaN	98.8333333333333	1	3.8772436191617	-8.49404407479892	-12.3712876939606	92.4999999999966
374	1.379115193	18.8377304254694	6.10478031405995	6.10478031405996	NaN	103.4	1	4.19531236081389	-8.25768103369168	-12.4529933945056	92.5833333333298
374	3.124449254	27.1116521648119	5.44905150667116	5.44905150667116	25.4542288169407	10.3333333333333	1	0.0495659848238859	-11.736943058379	-11.7865090432029	13.7333333333335
374	1.357132158	14.4136902622733	3.32157596204601	3.32157596204601	NaN	76.9	1	4.03018846431564	-7.95709829967711	-11.9872867639928	88.7833333333302
374	1.634220632	15.7403644309041	2.22657143691371	2.22657143691371	27.5020015347372	93.3333333333333	1	4.16725496163139	-9.26371900894665	-13.430973970578	103.633333333329
374	0.96099276	14.5049222080893	2.17223918714041	2.17223918714041	NaN	85.7	1	1.87115709216195	-9.38162643181769	-11.2527835239796	77.9499999999975
374	1.689927457	13.2853180101557	3.02048438098494	3.02048438098494	31.8379097565525	75.3666666666667	1	1.17250232709259	-9.80739603428577	-10.9798983613784	94.566666666663
374	4.144973038	19.2530796109825	4.75802509165516	4.75802509165516	NaN	86.4666666666667	1	-1.19406249645186	-11.1870931447997	-9.9930306483478	63.5333333333314
374	3.662945261	32.1333080411247	2.97508865918701	2.97508865918701	25.8139638602578	73.5	1	-2.38454698519956	-11.7843546107382	-9.39980762553861	66.4833333333313
374	3.899730207	26.7611828218631	3.3219396485316	3.3219396485316	36.2337992465472	92.2333333333333	1	-1.08168181447471	-11.3064901959836	-10.2248083815089	66.8666666666659
374	1.692273395	13.2051875548278	2.80535751037438	2.80535751037438	32.8916609991819	64.7	1	2.20665934306362	-9.9522940433433	-12.1589533864069	83.6833333333303
374	1.791213164	15.3736559366695	2.27100054140139	2.27100054140139	30.5239530069043	51.4666666666667	1	2.67095643517229	-9.49081204816184	-12.1617684833341	80.3833333333305
374	4.780949837	27.8694076135503	4.18161536719799	4.18161536719799	NaN	0.2	1	2.76909886905187	-10.4760192224533	-13.2451180915052	0.700000000000001
374	4.780949837	26.536074280217	4.23310208821593	4.23310208821593	NaN	0.1	1	3.06929898880088	-10.305021849519	-13.3743208383199	1.01666666666667
374	4.514784368	19.4211641938925	3.79825087454034	3.79825087454034	42.0106855769908	29.2	1	1.98040914204103	-10.6995174284303	-12.6799265704713	17.7
374	4.090239729	22.245430437097	4.55450593963102	4.55450593963102	NaN	57.5666666666667	1	-1.08993108530385	-10.9475885794691	-9.85765749416527	33.1833333333331
374	4.173251382	18.8007697419068	4.90234958973057	4.90234958973057	NaN	66.0666666666667	1	-2.33050721831327	-11.4052997396341	-9.07479252132083	44.2999999999991
374	4.173251382	15.0229919641291	4.80211434299794	4.80211434299794	NaN	84.6333333333333	1	-0.786796380307351	-11.1298340507991	-10.3430376704918	47.8333333333333
374	3.054101812	21.4283912568339	6.29236377149467	6.29236377149467	27.6286629157178	56.9333333333333	1	-1.651798200229	-11.9344377540893	-10.2826395538603	66.9999999999979
374	3.195713706	30.0297802134317	2.96465387257718	1.81248437872351	NaN	18.4666666666667	1	-0.258581134403926	-11.8519608139422	-11.5933796795383	33.0499999999996
374	2.051227221	23.0596967477223	2.54706621094054	2.54706621094054	28.6030210955928	73.3	1	0.859829415409507	-11.407431013373	-12.2672604287825	72.6999999999976
374	1.888391585	21.0520372307256	2.70935819290863	2.70935819290863	NaN	10.7333333333333	1	1.72975892678465	-10.0518239439234	-11.7815828707081	38.4999999999995
374	2.051227221	24.1708078588334	3.08232976573183	3.08232976573183	29.2974731285053	93.7667	1	1.02353934295402	-10.6518322375983	-11.6753715805524	89.5166666666634
374	1.784155586	13.700216009544	2.48743895736439	2.48743895736439	36.203284640009	72.8333333333333	1	2.45745732115984	-9.56882116160384	-12.0262784827637	98.8999999999962
374	0.9257715681	16.1036127680059	1.86603927350103	1.86603927350103	NaN	95.9	1	-3.32783266108822	-11.6531510862011	-8.32531842511293	95.4166666666631
374	1.129312863	17.6271635746106	4.13906535686037	4.13906535686037	32.2718733856609	76.8333333333333	1	-0.46472702975484	-9.55620837547613	-9.09148134572129	80.6666666666639
374	1.468967189	24.0154731241504	1.80245226042068	1.80245226042068	19.4883675462722	70.2	1	1.65017418596616	-10.5740833420722	-12.2242575280383	82.5666666666651
374	0.7494330542	14.8172876963275	2.38102296615399	2.381022966154	NaN	108.266666666667	1	1.12556691196531	-9.02780669529784	-10.1533736072631	110.633333333329
374	3.846864221	12.6198639393322	6.21657440584739	6.21657440584738	NaN	27.6	1	-2.38480926779997	-11.5449592837204	-9.16015001592046	22.1500000000001
374	1.955924949	18.2848292530273	3.17060610723036	3.17060610723036	34.1140972397054	88.8	1	1.35118672118406	-10.4579076094349	-11.8090943306189	104.849999999996
374	1.746545838	16.6193830553292	2.89411740377213	2.89411740377213	32.4487345763103	68.7	1	2.09569220752439	-9.59046465600088	-11.6861568635253	92.8999999999966
374	0.7681928449	12.7940662577497	1.84992602669153	1.84992602669153	NaN	56.9	1	0.872457411396738	-8.99536557977402	-9.86782299117075	74.2999999999977
374	1.079841632	25.7830931681041	2.87187605006878	2.87187605006878	NaN	1.76666666666667	1	2.45606429786886	-9.75172372576316	-12.207788023632	9.60000000000005
374	1.238958112	17.7412196793313	2.27536567155385	2.27536567155385	33.9254830660882	62.6	1	3.14518524906828	-8.35161707937212	-11.4968023284404	79.2833333333306
374	1.238958112	16.6301085682202	2.00930002045738	2.00930002045738	NaN	83.6	1	3.61648030685456	-7.79604892406928	-11.4125292309238	94.9999999999965
374	0.9689161501	12.2028393792242	3.29995324587269	3.29995324587269	NaN	83.4333333333333	1	0.740653247969874	-9.65112377526842	-10.3917770232383	79.6833333333307
374	1.042072236	19.6852028338724	3.73073653532206	3.73073653532206	NaN	97.7666666666667	1	2.50856717260248	-9.04065844939913	-11.5492256220016	86.4999999999969
374	1.079841632	20.671982056993	3.29613410007266	3.29613410007266	NaN	110.933333333333	1	3.16110479150777	-9.49865959114112	-12.6597643826489	84.7333333333303
374	1.042072236	16.3518695005391	2.94704913637861	2.94704913637861	NaN	92.3666666666667	1	2.58046574430995	-9.56337991734489	-12.1438456616548	81.8166666666638
394	1.042072236	6.27043692038476	1.50133508807378	1.50133508807378	26.4024939411562	64.1	1	-6.09305694307142	-12.9321908455647	-6.8391339024933	128.259999999998
394	0.9689161501	20.4826557106307	1.28078691456557	1.28078691456557	19.1837121728653	12.5	1	-6.36283047784789	-12.4232500615469	-6.06041958369897	102.12
394	1.835843532	15.6761038804701	2.62868822188675	2.62868822188675	18.2321087849768	53.6666666666667	1	-3.79268172022211	-12.4819189473938	-8.68923722717173	99.9799999999995
394	1.033797776	7.10003059963178	2.06091710752654	2.06091710752654	27.7753721636542	27.3666666666667	1	-2.28018591469998	-11.3780664570777	-9.09788054237771	101.04
394	1.071390222	9.89566851665029	2.51005563020489	2.51005563020489	31.5932135809359	37.2666666666667	1	-2.82782490569463	-11.4379897260958	-8.6101648204012	116.799999999999
394	1.033797776	3.10003059963178	2.4823490029485	2.4823490029485	27.2793548042488	65.3666666666667	1	-3.54193162540724	-12.0555576742446	-8.51362604883735	104.119999999999
394	0.8247797648	5.9173015267128	1.51446687274523	1.51446687274523	25.5401955013815	61.8333333333333	1	-3.83394342031914	-11.7818421234392	-7.94789870312002	113.899999999998
394	0.7926577149	7.95492998706992	1.64272674173657	1.64272674173657	23.5853421573685	17.4	1	-3.14904133744326	-10.9274102090702	-7.7783688716269	111.339999999998
394	1.610017957	11.9373239660074	1.34347986387625	1.34347986387625	16.5547592401814	59.1333333333333	1	-2.64682006126904	-11.8184307750449	-9.17161071377589	130.519999999998
394	1.915036453	12.76594093284	3.34050561756742	3.34050561756741	25.3535539610984	62.6666666666667	1	2.05635822567606	-10.5569519833799	-12.613310209056	116.97826086956
394	1.915036453	30.0992742661733	1.92592653417047	1.42537599285325	17.7589707773767	1.5	1	0.560761462943162	-11.1777268106497	-11.7384882735929	36.1999999999999
394	1.209318172	11.8485729599897	1.6056738711384	1.6056738711384	16.7977485175184	60.2333333333333	1	-2.28227314417751	-11.2108616124809	-8.92858846830336	136.36
394	0.9789297734	14.5832134686648	1.43878413536878	1.43878413536878	17.3764096948299	9.9	1	-3.35440307008906	-11.5958830971862	-8.24148002709714	114.579999999999
394	1.423625354	12.8028257750257	1.20167003863064	1.20167003863064	19.8000725392949	62.5666666666667	1	-1.67002659435687	-11.1241946171808	-9.45416802282389	132.119999999999
394	1.090519796	11.1441658338213	1.46564610159668	1.46564610159668	33.6563672122582	31.6333333333333	1	-0.618846457156565	-10.1774542731839	-9.55860781602738	116.219999999999
394	1.379115193	12.8270037416016	1.30475464855476	1.30475464855476	20.4813040431118	67.3	1	-0.84697969878323	-10.9202437842833	-10.0732640855	113.199999999998
394	1.335433097	15.7860692556546	1.10011757069625	1.10011757069625	12.621781924464	36.5	1	-1.68068472216831	-11.2285886121705	-9.5479038900022	130.339999999999
395	3.050841847	23.7130788717119	3.05586103269041	3.05586103269041	28.3838362429417	63.0333333333333	1	2.64212477406289	-11.881879307626	-14.5240040816889	90.2600000000005
395	1.033797776	18.7199054033186	1.18176065501243	1.18176065501243	18.6784221799131	55.8666666666667	1	-2.08231223220363	-11.2528858214629	-9.17057358925925	117.219999999999
395	1.446151912	12.8394684561481	2.28727021940934	2.28727021940934	25.5187219789505	60.8333333333333	1	6.04947610885628	-8.0473813019224	-14.0968574107787	126.399999999998
395	4.372250203	24.3812610769959	2.918555735435	2.918555735435	35.3739724418774	73.3333333333333	1	4.24559538291112	-10.4332374641099	-14.6788328470211	77.2200000000016
395	4.427974193	23.8089898658469	3.51000927633225	3.51000927633225	30.0945986444459	84.3	1	3.64040162889452	-10.8219828454081	-14.4623844743026	88.2000000000007
395	0.7612986891	27.9543819922902	1.81031666960343	1.81031666960343	27.5369511222902	0.5	1	1.14670850463136	-10.6335143414828	-11.7802228461141	59.3400000000023
395	1.357132158	38.6402225638944	2.2604644784497	2.2604644784497	NaN	0.166666666666667	1	4.12460012095869	-9.43172199792684	-13.5563221188855	17.5799999999997
395	1.357132158	13.9735558972277	2.08602301311835	2.08602301311835	24.6844434900219	76.5	1	5.11553584319935	-8.13861854843486	-13.2541543916342	124.379999999998
395	1.357132158	13.306889230561	1.9980432876376	1.9980432876376	33.8355298787866	61.8666666666667	1	5.56365710385728	-9.25478286166486	-14.8184399655221	59.7200000000028
395	1.313863453	33.2780249812393	2.29875277102846	2.29875277102846	27.6891901977329	0.0666666666666667	1	4.92799663399103	-8.76647841207767	-13.6944750460687	22.8199999999996
395	1.446151912	14.6172462339259	1.68558334359954	1.68558334359954	22.1579608037492	83.3333333333333	1	4.56011708789234	-8.99939242235328	-13.5595095102456	134.999999999999
395	1.071390222	12.6493196910049	1.82712297328978	1.82712297328978	27.4392157644696	35.6	1	4.06340437110711	-9.62279528758935	-13.6861996586965	115.579999999998
395	1.271417278	15.5764699880696	1.80296355620903	1.80296355620903	22.4937884263814	70.9	1	6.03544701161792	-7.89234494023663	-13.9277919518545	132.039999999999
395	0.7306977911	17.6605564498106	1.05421486778031	1.05421486778031	30.3201549375846	17.4	1	0.763483817703502	-9.38365371372385	-10.1471375314273	123.579999999999
395	3.192368173	20.5586630241533	2.90179648953491	2.90179648953491	26.9228328590774	57.1333333333333	1	2.96636633880141	-11.5926801320433	-14.5590464708447	105.859999999999
395	1.094371421	14.4837958823105	2.09344803983737	2.09344803983737	20.6743251801272	50.3666666666667	1	0.549562101086309	-10.0810515753764	-10.6306136764627	129.939999999998
395	1.888391585	25.2063824470989	1.51314161889749	1.51314161889749	17.4954322855044	9.76666666666667	1	3.49741518575021	-10.542646290419	-14.0400614761692	82.7600000000007
395	0.9825424037	24.2056666186036	1.37392193334321	1.37392193334321	29.6427930536356	2.16666666666667	1	1.32146534875562	-10.6427103474566	-11.9641756962122	66.3000000000024
321	4.342116617	0.17374898952317	10.7759225866545	10.7759225866545	54.5967222185192	19.2666666666667	1	-2.73188358086981	-12.0805990333085	-9.34871545243865	98.7199999999992
321	4.96319161	15.1395764182253	3.98257515757728	3.98257515757728	40.8276150139466	92.4666666666667	1	-1.16428473515668	-10.8184308766051	-9.65414614144839	88.8800000000001
321	4.090239729	-9.69905068266025	8.34722384923796	8.34722384923797	60.0416363041503	85.3	1	-2.43885897844331	-11.7825245896857	-9.34366561124239	94.4799999999995
321	3.535490887	12.8991282056133	5.30739668997365	5.30739668997365	44.1128901643884	3.96666666666667	1	-1.14530906385838	-11.5304165016417	-10.3851074377833	47.7200000000013
321	4.228609837	15.8659941850008	5.33036528456624	5.33036528456624	NaN	4.73333333333333	1	-1.9724063302248	-11.6926948020627	-9.72028847183788	46.8600000000011
321	4.144973038	-3.13040814966208	5.70011601470219	5.70011601470219	NaN	102.333333333333	1	-1.62825105880177	-11.31970232611	-9.6914512673082	129.479999999998
321	4.144973038	21.3140362947824	4.51840508214276	4.51840508214275	NaN	1.9	1	-0.287402908198203	-11.2121199218391	-10.9247170136409	24.4399999999996
322	3.475609728	8.79882383137334	5.09470889983411	5.0947088998341	52.7839281308402	4.9	1	-1.50171649097334	-11.5088030351729	-10.0070865441996	22.9599999999996
322	3.326978166	8.11626859030612	6.69271588092881	6.69271588092881	NaN	6.7	1	-1.39924547930329	-11.5131110849994	-10.1138656056961	30.6999999999995
322	2.864131286	2.35422952081826	4.40873437201665	4.40873437201665	44.602993964511	41.8	1	-4.13276302514723	-12.3088453566164	-8.17608233146919	74.5400000000015
322	4.257209676	4.87141617659716	7.1393524181797	7.1393524181797	NaN	7.6	1	-0.604619741220347	-10.6156595815454	-10.0110398403251	12.0199999999999
325	4.657330784	17.4047128259065	4.39328732225328	4.39328732225328	NaN	21.1666666666667	1	1.67533865032351	-10.6259307219811	-12.3012693723046	6.47999999999995
325	4.657330784	4.73804615923981	7.71835707236069	7.71835707236068	NaN	17.1333333333333	1	-4.28673737657314	-11.6913574213827	-7.4046200448096	41.7800000000004
325	4.657330784	6.73804615923981	5.65079811026023	5.65079811026023	NaN	21.0666666666667	1	-4.10236971626827	-11.556501875747	-7.45413215947869	43.8400000000007
325	3.977131455	7.57098434144718	5.61535221955042	5.61535221955042	NaN	17.1	1	-3.63428980744328	-11.7332250431216	-8.09893523567837	39.7400000000002
325	3.816539839	8.69729724758476	4.52606094538542	4.52606094538542	NaN	25.0333333333333	1	-3.84175997421826	-11.9002850458481	-8.05852507162979	44.7600000000007
325	2.931133715	6.27625998580465	5.12738356650925	5.12738356650925	NaN	97.1666666666667	1	-0.752597159757585	-11.7854753938656	-11.032878234108	96.8399999999997
338	1.996080393	-14.6734817660219	3.88210056930432	3.88210056930432	NaN	40.5	1	-4.63189496185655	-13.0371318245506	-8.40523686269401	118.679999999998
338	3.816539839	-15.4222030771243	4.47359827144829	4.47359827144828	NaN	58.0666666666667	1	-4.75902144449202	-12.4225414006969	-7.66351995620491	92.4999999999998
338	1.644947748	2.7990627620301	5.10289899846736	5.10289899846736	NaN	77.8333333333333	1	-0.927564530387571	-11.5625947148299	-10.6350301844424	96.4
338	1.627583876	25.0427241606469	2.69082649685886	2.04228965800908	NaN	78.1333333333333	1	-1.47745607191044	-12.1536622871523	-10.6762062152419	82.56
338	3.977131455	51.4620582464228	2.06610302627897	2.06610302627897	NaN	0.6	1	0.482661447136621	-10.7335753908819	-11.2162368380185	4.08333333333332
341	4.309632294	-11.992951249134	9.99806614001439	9.99806614001437	53.6294955987153	84.8	1	-2.45425637744262	-11.7744152350132	-9.32015885757053	103.219999999999
341	3.977131455	-12.3202478500813	8.97853205073127	8.97853205073129	NaN	86.8	1	-0.174951740564325	-11.4214910117414	-11.2465392711771	99.7499999999962
341	3.582678948	3.71805646894375	5.1230245101476	5.1230245101476	NaN	86.1	1	-0.620082822191904	-11.5460874775825	-10.9260046553906	84.4000000000008
341	4.395127191	8.94372507262923	7.52563098218263	7.52563098218263	NaN	11.5666666666667	1	-3.06352876733877	-12.2308051278414	-9.16727636050265	57.6800000000017
341	4.568974493	17.1157595255166	4.82241833445834	4.82241833445835	NaN	25.1333333333333	1	-1.1929126947127	-11.2155297577948	-10.0226170630821	45.3200000000011
341	3.283889696	-3.60970362757007	6.2614993347464	6.26149933474639	NaN	87.6	1	-4.96157637021628	-12.4432497002494	-7.48167333003315	116.299999999998
341	1.456139686	5.05989539154542	4.45141896158087	4.45141896158087	NaN	43.9	1	-4.03669736028644	-10.9667045053394	-6.930007145053	109.68
341	3.509759167	33.2749031690619	3.47475117006791	3.47475117006791	NaN	96.4333333333333	1	-2.25736357567263	-11.6773650468426	-9.42000147116997	84.3400000000007
341	5.020351289	29.1051902765006	3.15526827893666	3.15526827893666	NaN	9.33333333333333	1	-3.23206770457054	-11.7168926398494	-8.48482493527885	57.5800000000021
341	1.900059238	29.8289882021333	2.21978091722533	2.21978091722533	22.2625738198796	88.4	1	-0.543644988748326	-11.6054028191659	-11.0617578304176	87.9800000000007
341	3.659698553	20.0870519345621	3.62613640719271	3.6261364071927	NaN	79.8333333333333	1	0.869850946924004	-11.1586000461546	-12.0284509930786	75.3800000000015
341	4.225087277	7.39975724539807	4.29099061563906	4.29099061563906	NaN	79.8666666666667	1	-0.397141916788854	-11.416138241473	-11.0189963246841	92.0600000000006
343	4.602549087	9.66216035131478	6.53963063054057	6.53963063054057	NaN	23.5666666666667	1	3.08948654134596	-10.6748996991593	-13.7643862405053	71.0400000000021
346	4.290964766	14.315050889622	6.48893877047661	6.48893877047661	NaN	68.4333333333333	1	4.02657588626477	-10.7358730048443	-14.762448891109	78.4285714285725
346	4.062282195	13.4309203924899	4.69688287236138	4.69688287236138	51.3013793278725	35.6	1	3.56512359881816	-10.7237155936191	-14.2888391924373	84.3541666666653
346	3.740937317	24.9268198337322	3.01764008434659	3.0176400843466	NaN	91.3666666666667	1	3.06738073539199	-11.0080462172378	-14.0754269526298	94.9285714285745
346	3.740937317	35.1490420559544	2.88469040610976	2.88469040610977	NaN	32.8666666666667	1	2.62716522245216	-11.1226151984759	-13.7497804209281	35.7599999999999
347	4.312711872	14.8122896680058	6.55044898352799	6.55044898352799	47.4695591426147	104.166666666667	1	2.64411264913028	-10.6751113453299	-13.3192239944601	67.7999999999985
347	4.058838883	24.1712410200263	3.25464006060507	3.25464006060508	NaN	5.3	1	-1.58332730725434	-11.3805788595364	-9.79725155228203	28.0999999999995
347	3.591779023	15.6779622591108	2.17084366098174	2.17084366098174	NaN	72.2333333333333	1	-1.40422579130691	-11.5437164100493	-10.1394906187424	88.14
347	4.313194605	14.1419520069938	4.22154758279569	4.22154758279569	NaN	75.1	1	0.43381631108781	-10.7967630540219	-11.2305793651097	84.2000000000009
347	4.062282195	-0.9053304076506	8.91707758411635	8.91707758411633	NaN	75.8	1	-1.66550696013189	-11.4488105561518	-9.78330359601989	88.5800000000003
347	3.434560755	1.62764254898821	6.70709831303401	6.70709831303401	NaN	44.3	1	1.70992585679133	-11.0454426422535	-12.7553684990448	83.5999999999978
347	4.572157594	10.3389939420352	4.6852454283541	4.6852454283541	NaN	127.033333333333	1	0.0768989766790185	-10.7977337930102	-10.8746327696892	62.660000000003
347	4.144501066	0.563370857245087	8.04135068440797	8.04135068440798	NaN	91.6666666666667	1	0.0953700631360164	-10.9999674832636	-11.0953375463997	96.2708333333305
347	4.398241206	2.5536991469761	8.27045802453244	8.27045802453244	NaN	69.6333333333333	1	1.88461960111411	-10.6983323788446	-12.5829519799588	69.46875
347	3.142609215	8.30697624228608	6.1331710192377	6.13317101923772	NaN	75.0333333333333	1	-0.927946080050361	-11.7970165296478	-10.8690704495974	94.8999999999998
347	3.611934114	15.2557684907237	3.22006341807116	3.22006341807116	NaN	84.4333333333333	1	0.108122948211644	-11.288055094057	-11.3961780422686	90.2000000000002
347	2.933994151	20.2618735411633	2.47032137838608	2.47032137838608	NaN	8.4	1	-0.0697013968379281	-12.0433475630645	-11.9736461662265	46.6000000000011
347	3.002753236	22.6165300814018	2.21158260428718	2.21158260428718	NaN	3.73333333333333	1	0.686734890377892	-11.511396773704	-12.1981316640819	37.6000000000001
347	3.819864924	14.1585150289646	3.6672814906816	3.6672814906816	NaN	34.5	1	-0.346981464221614	-11.4391107963485	-11.0921293321269	66.9200000000026
347	3.286942067	37.7446047955005	2.24825762356392	2.24825762356392	NaN	0.8	1	1.41859002010335	-10.9579603838755	-12.3765504039789	15.0799999999998
347	3.21451726	8.19632054594341	5.15389773285876	5.15389773285877	NaN	67.3666666666667	1	-0.0465689284645805	-11.2898752735267	-11.2433063450621	66.8200000000026
354	2.842273919	14.0332335863567	4.38397438361379	4.3839743836138	NaN	80.8666666666667	1	3.46998443778386	-10.8656728623745	-14.3356573001583	111.249999999992
354	2.781834315	26.4327967371338	3.13139184211299	3.13139184211299	NaN	17.0666666666667	1	2.95167936394978	-11.5722140201403	-14.5238933840901	48.8800000000016
354	1.733324597	23.1398082509345	2.27509040473008	2.27509040473008	NaN	81.2333333333333	1	4.14295062794946	-11.1019858732068	-15.2449365011563	97.0999999999992
354	2.340103181	30.6368157101809	2.734322023126	2.734322023126	NaN	72.3	1	3.32067581619236	-11.2130156696855	-14.5336914858779	79.7045454545434
354	2.651139601	31.2499137310099	4.90187244534794	4.90187244534794	34.2576317669804	17.5	1	2.9443572431683	-11.2041083266413	-14.1484655698096	53.4285714285737
354	2.716035787	32.5719062262339	4.01086658406418	2.80995489464099	27.6533738892719	17.0666666666667	1	3.11983491256242	-11.2313391456495	-14.351174058212	55.3200000000021
354	1.634220632	28.5124533962477	2.32756645233068	2.32756645233068	NaN	12.5	1	4.46895050577345	-10.6597154087604	-15.1286659145338	62.3800000000032
354	2.524044	36.9089630522201	4.9107319448037	3.06498217311908	NaN	75.2333333333333	1	2.37973238116894	-11.3812749222635	-13.7610073034324	70.9200000000023
355	0.7769109151	12.9496065192052	2.18851650725837	2.18851650725837	37.3959820910121	62.2666666666667	1	-1.84366730420643	-12.183720577236	-10.3400532730296	83.5600000000008
355	5.055757536	-9.43488547907341	8.78789530939443	8.78789530939443	NaN	44.2	1	3.83417535898829	-10.1164793157988	-13.9506546747871	42.1400000000008
355	4.602549087	-2.56650645141808	13.2900928634001	13.2900928634001	NaN	69.2666666666667	1	2.74276760954575	-10.5889265552374	-13.3316941647832	72.1200000000023
355	4.427974193	32.9301089096999	9.68245122863327	9.68245122863329	NaN	54.1666666666667	1	3.44100675963028	-10.5396195402234	-13.9806262998537	51.4230769230783
355	4.780949837	7.71174992891427	10.300807283559	10.300807283559	68.1863230167662	61.1	1	3.68089147004272	-10.315058088945	-13.9959495589877	59.3186274509822
355	3.927048211	0.701515592081154	8.7125243071781	8.71252430717811	NaN	64.7	1	1.25569558298685	-11.1122970011681	-12.3679925841549	76.7000000000015
355	4.257209676	-7.87255761523078	11.227264214978	11.227264214978	NaN	18.5666666666667	1	2.31355518710001	-10.5910252215272	-12.9045804086272	39.7727272727279
355	4.427974193	-4.40322442363342	7.42558576867262	7.42558576867262	NaN	32.5333333333333	1	3.04490898166034	-10.5434722907484	-13.5883812724088	41.333333333334
355	4.602549087	-10.7887286736403	5.79745846398737	5.79745846398737	NaN	42.5666666666667	1	0.288879497641062	-10.4390084811329	-10.727887978774	61.8800000000028
355	4.257209676	9.34966460699144	8.61961961439245	8.61961961439245	NaN	9	1	0.781611028128964	-11.0238911079243	-11.8055021360533	19.6199999999997
355	4.427974193	-11.5143355347445	7.32721153507074	7.32721153507074	NaN	22.4333333333333	1	0.349698209492487	-10.7881471514386	-11.137845360931	42.2200000000006
355	3.459977433	5.65520392160575	7.61670845868568	7.61670845868568	NaN	56.2666666666667	1	0.262621099562921	-11.449189566702	-11.7118106662649	81.700000000001
355	3.2389934	5.88945591048494	6.19338824818176	6.19338824818176	NaN	86.6333333333333	1	1.36234288795984	-11.7748829150141	-13.137225802974	89.0666666666647
355	3.311730946	6.44717869481942	9.97770449011124	9.97770449011125	NaN	68.9	1	1.26725382347485	-11.7005461224638	-12.9677999459386	98.4399999999993
355	2.198762385	35.1705479152972	3.47719887533653	2.27168539626076	NaN	79.8	1	1.84642352216142	-11.2787034704265	-13.1251269925879	85.5800000000007
355	2.877605159	31.3165502260802	2.44061940719428	1.5473009428299	20.6506776132922	86.4	1	-0.923641148840773	-12.0151927058053	-11.0915515569645	91.3399999999997
355	3.084349458	7.97274587892364	9.03036979211112	9.03036979211111	NaN	47.8666666666667	1	1.40109825279296	-11.7832178230194	-13.1843160758123	77.7800000000016
355	3.299334586	31.6464465419019	5.30232388009558	5.30232388009558	NaN	6.36666666666667	1	1.54982452422041	-11.5088770648974	-13.0587015891178	29.1999999999995
355	3.084349458	19.5283014344792	6.54280261725619	6.54280261725618	NaN	63.2	1	1.15653467683322	-11.5537872177179	-12.7103218945512	77.0400000000014
355	3.299334586	10.9797798752353	13.2421899124556	13.2421899124557	NaN	86.6666666666667	1	2.60200006049999	-11.1415119207237	-13.7435119812237	85.1538461538455
355	1.052527707	34.0500443104078	1.63067769614848	1.63067769614848	13.6217151487179	81.9	1	2.16066606608351	-10.4104328558569	-12.5710989219404	88.62
355	1.173487823	20.3658267435279	3.04246295975265	3.04246295975265	NaN	86.6666666666667	1	5.55933738638328	-8.81119603268974	-14.370533419073	91.9599999999998
355	1.133797439	19.7900847349669	2.85136118458868	2.85136118458867	NaN	63.4666666666667	1	5.08599974031233	-9.01543591182451	-14.1014356521368	79.8400000000014
355	1.094912572	29.9500503880533	1.33112955673687	1.33112955673687	12.501850437372	65.0333333333333	1	-0.157998053763663	-13.2612822500797	-13.103284196316	88.4017857142851
355	1.213987722	18.1667556042622	3.69806404047211	3.69806404047211	NaN	66.1333333333333	1	2.81127044528736	-11.4255302945439	-14.2368007398313	80.5000000000017
355	1.34038343	23.6798888072604	6.24779734519156	6.24779734519156	NaN	74.2333333333333	1	1.87138244906291	-10.4957220744275	-12.3671045234904	92.1799999999994
355	1.379115193	29.728816783385	6.42480071665656	3.02285882125705	NaN	69.3666666666667	1	3.12074848009672	-10.4155932295953	-13.536341709692	68.3200000000029
355	1.658721421	40.1707541145185	5.87233158248321	3.07389997207327	35.1033608586196	72.3333333333333	1	1.88303321291019	-12.0367905342144	-13.9198237471246	80.6250000000002
355	2.079177187	32.674722811514	2.59988515759499	2.59988515759499	15.4860131269565	18.5333333333333	1	1.89734713963179	-12.1698951992682	-14.0672423389	38.125
358	3.254048792	41.2643296582036	3.41695589278021	3.41695589278021	12.2803069111802	22.7333333333333	0	2.67623106243119	-11.4251119777595	-14.1013430401907	77.875
358	4.709846964	8.29717533279358	4.75291179141855	4.75291179141855	48.4779179579829	72.6666666666667	0	-4.44149508027985	-11.722550262626	-7.28105518234617	75.3695652173887
358	1.129312863	49.5155374985553	1.09846401347784	1.09846401347784	8.47561301179536	20.2666666666667	0	-5.64508614321889	-12.6309623781243	-6.98587623490542	110.58
358	0.8744338082	36.1766978750083	1.17476343932215	1.17476343932215	9.90015476641259	43.5	0	-5.54714320030479	-13.0145379200373	-7.46739471973251	129.839999999998
358	1.610017957	60.7033629118713	1.07801067130734	1.07801067130734	7.53839694606234	43.1	0	-1.69441499188218	-12.7655815180132	-11.071166526131	64.8400000000028
358	1.468967189	56.4133011065143	1.28789522791274	1.28789522791274	14.2214711029331	23.7666666666667	0	-5.48214235837037	-12.8249825419442	-7.3428401835738	98.9600000000004
358	3.604231056	58.2560419981613	2.87900936740108	0.992806700754379	7.42965699805195	58.8	0	-5.008472563038	-11.9833439669676	-6.9748714039296	78.5400000000013
358	4.691270275	44.9601017211033	3.10584586289982	3.10584586289982	14.1546190712162	3.43333333333333	0	-4.41135198829656	-12.0394871905357	-7.62813520223912	54.1000000000017
358	1.094371421	47.1716036512355	0.940695602906441	0.940695602906441	3.95284085480309	45.4333333333333	0	-5.63472275285716	-12.725875981881	-7.09115322902386	102.779999999999
358	1.411125882	55.7673310187308	0.922244450651364	0.922244450651364	-0.667467184550233	38.4333333333333	0	-3.53509495745075	-13.0999185594351	-9.56482360198433	85.9000000000012
358	2.040634161	54.3651985418696	0.993959389814545	0.993959389814545	0.378459972155596	44.6333333333333	0	-1.30954083705851	-12.6171984190142	-11.3076575819557	100.499999999999
360	1.825911607	41.0026080512516	2.28837818897822	1.51375350410223	17.3378576219865	51.5	0	-2.48946476359259	-12.344888308434	-9.85542354484136	115.179999999998
360	4.025167071	39.2673677667927	2.89561599572838	2.89561599572838	18.9085624091554	57.7333333333333	0	1.73944081859264	-11.4098927282614	-13.1493335468541	110.719999999999
360	3.767618626	40.9122336583402	3.53678981685109	3.53678981685109	16.9283929890805	59.7	0	0.32838673136618	-11.436660569329	-11.7650473006952	86.7000000000005
360	2.499123799	50.2199666075493	1.03951167530135	1.03951167530135	6.07762450182357	30.3666666666667	0	-1.11746201518386	-12.2406713941029	-11.1232093789191	81.4411764705917
360	1.56691828	43.9507736723471	1.7214864392303	1.7214864392303	23.91415387395	68.1	0	-1.66207992517795	-12.3517567141312	-10.6896767889533	114.730769230766
360	1.383538567	56.8625611164621	1.59181264019508	1.59181264019508	19.6426416528317	7.23333333333333	0	1.11518333936425	-10.6683553280442	-11.7835386674085	42.3260869565207
360	1.996080393	69.5852290861171	1.10837637475195	1.10837637475195	0.562829473239731	1.7	0	-2.61640322252009	-13.0969377336596	-10.4805345111395	43.3600000000008
360	1.411125882	66.6209876066582	1.23549587816338	1.23549587816338	13.8444541431789	6.03333333333333	0	1.37387294965038	-11.0306298099059	-12.4045027595563	43.46875
360	1.411125882	49.5098764955471	1.32183534918956	1.32183534918956	12.8869369093117	36.9666666666667	0	-2.23750447614486	-11.0606410948192	-8.82313661867434	109.959999999999
360	1.366847073	43.7646934524758	3.06841349191894	3.06841349191894	22.4637356772523	24.7666666666667	0	-1.83205385952638	-10.5238553512297	-8.69180149170333	101.979999999999
360	1.456235365	64.5371300127787	1.06441423542139	1.06441423542139	1.92948725553178	18.1	0	-3.87855782962905	-12.1608258718058	-8.28226804217678	85.4400000000006
360	1.456235365	62.0926855683343	1.073751092199	1.073751092199	9.13310343785368	28.1666666666667	0	-2.87676465200062	-11.9877957135307	-9.11103106153004	95.0399999999997
360	1.366847073	51.3202490080313	1.16445403381899	1.16445403381899	12.3762330666805	31.5333333333333	0	-1.40614372528049	-10.9006722655581	-9.49452854027763	92.86
360	2.008244458	62.2132323758847	1.06587941243643	1.06587941243643	1.46771037250047	24.9	0	-2.41019375386711	-12.8962463555652	-10.4860526016981	78.7800000000014
360	1.696345465	56.1820846274937	1.06307692547307	1.06307692547307	13.776627715918	41.3333333333333	0	-0.710319495694762	-12.8803656536683	-12.1700461579735	88.739130434779
360	0.8320128448	66.2217809100626	1.42751063121842	1.42751063121842	18.1030051578244	24.7333333333333	0	-3.38174403759092	-11.4447138485887	-8.06296981099777	76.7600000000014
360	1.456235365	62.7593522350009	1.16330219793763	1.16330219793763	5.4828496004374	27.9	0	0.308379690452142	-11.6102916500853	-11.9186713405375	78.860000000001
360	0.9335208735	62.3961259810743	1.36951928046709	1.36951928046709	21.2859422066656	57.4666666666667	0	1.5723433272143	-11.0977403927194	-12.6700837199337	67.2600000000026
360	1.157784005	61.2665720514845	1.41227040779252	1.41227040779252	NaN	36.5	0	5.04575963525093	-9.09993545512694	-14.1456950903779	58.5800000000024
360	1.366847073	68.6535823413647	0.984113615942019	0.984113615942019	7.653791208562	31.6	0	-2.9655008960149	-12.3597988433002	-9.39429794728528	70.500000000002
360	1.197965106	64.40152599077	1.30092754471452	NaN	NaN	11.2333333333333	0	4.82892785346712	-8.85891098874279	-13.6878388422099	37.2400000000002
360	1.157784005	59.4887942737067	2.33768724926525	2.33768724926525	19.3861650206185	26.6	0	0.552399119738084	-10.0260024028209	-10.578401522559	63.200000000003
360	1.238958112	56.7110893382059	1.79368134976975	1.79368134976975	30.968931103901	54.6333333333333	0	4.01629105152111	-8.48167850766481	-12.4979695591859	83.220000000001
360	1.238958112	68.2666448937614	1.06160013805082	1.06160013805082	7.2794915221907	47.3333333333333	0	-2.65508695051443	-12.7081032266214	-10.053016276107	71.7200000000022
360	1.335433097	60.4934174349874	1.57332481557647	1.57332481557647	19.2543756791233	28.1333333333333	0	1.7217230343966	-9.59057789075101	-11.3123009251476	65.5800000000028
360	1.379115193	66.9773808410066	1.9663872795521	1.9663872795521	17.1554975808327	41.7333333333333	0	2.62403841364798	-10.9529874376261	-13.5770258512741	41.0526315789482
360	1.335433097	67.8267507683207	1.02721814149975	1.02721814149975	4.32574602439055	44.9333333333333	0	-2.02929083860343	-11.9458120775004	-9.91652123889699	78.5600000000011
360	2.355831896	70.9256593295307	1.2931362808646	1.2931362808646	14.7243604824903	93.1333333333333	0	2.20108100549496	-11.979521845818	-14.180602851313	90.6000000000001
361	3.943846685	44.6376945595934	4.49933440718439	4.49933440718439	15.6958383130721	97	0	-0.589021118903247	-11.8292160772251	-11.2401949583218	120.559999999998
361	3.326978166	50.089561813159	3.25587409854266	0.973466831535465	3.78021105431686	50.8333333333333	0	0.482012769410204	-11.8566270504353	-12.3386398198456	90.9799999999998
361	3.846864221	54.040702811679	2.94118679537992	2.94118679537992	13.5120007946884	62.4666666666667	0	3.73134374798872	-10.8854645631721	-14.6168083111608	74.3421052631595
361	3.09627822	62.384806961368	1.90049185616099	0.953635028666079	-4.32795268002138	28.2666666666667	0	0.765689056717264	-11.9968743246261	-12.7625633813433	60.7400000000024
361	3.535490887	60.4620743428452	2.51392199335057	1.11076030732289	9.92568397081404	70.6333333333333	0	2.09434673079409	-11.2038679171627	-13.2982146479568	81.113636363634
361	3.489988026	58.2757748566377	2.35684858717492	1.03206508927266	-1.13193265860161	61.9333333333333	0	3.47118618496242	-11.1749798096419	-14.6461659946043	84.2499999999997
361	3.054101812	78.7667622214617	1.54637479595558	1.00409204338052	0.137427922975419	1.73333333333333	0	0.668045872152675	-12.0476285015884	-12.7156743737411	25.7799999999996
361	3.195713706	58.7646703336535	2.21440195643109	0.935613199296593	2.37782408072594	37.0666666666667	0	2.56670503724544	-11.330213666382	-13.8969187036274	80.625
361	2.933994151	67.1164956774679	2.63914003575101	1.00799016756036	4.00665411895882	16.6666666666667	0	2.007761573811	-11.7738137588631	-13.7815753326741	94.0555555555576
361	2.866145519	74.9566571155146	1.62006868981811	0.99442854252821	-9.62313555793931	3.8	0	1.16744252493302	-11.9460697484233	-13.1135122733563	66.7000000000019
361	3.21451726	66.2808300079148	2.53454161994191	0.965075714866145	5.911696143556	6.93333333333333	0	2.05235192717777	-12.1982891640997	-14.2506410912775	49.5200000000013
361	4.661052919	61.2403132308725	2.71901865910615	2.71901865910615	24.0126054810713	82.1333333333333	0	3.3072064337583	-10.5762468196097	-13.8834532533679	73.5769230769237
361	3.585886603	77.0689600367381	3.22718949224623	3.22718949224623	24.5786220200387	1.1	0	1.75398461350562	-11.6616259654469	-13.4156105789526	20.8124999999998
361	3.002753236	75.7537570710913	2.02116572468944	0.980425913888433	2.95088904944362	4.23333333333333	0	2.84783537733259	-11.236136818096	-14.0839721954286	39.9200000000004
361	3.740937317	56.2821425623774	3.78258036932364	3.78258036932365	32.9104951829136	20.8	0	4.07396596273688	-11.497657054798	-15.5716230175348	56.6800000000016
361	3.360289139	73.9682836038744	2.33465668523857	2.33465668523857	15.4175995345988	6.3	0	1.38368510743021	-12.2489453293056	-13.6326304367358	32.1799999999995
361	3.072425193	60.1824654276997	2.68247220147767	0.949807739934607	6.49424278427591	20.3	0	1.67298165808023	-12.0861169259818	-13.759098584062	68.5000000000016
361	1.797600809	82.2704273305835	NaN	0.969551926080436	-17.6401038345293	13.9	0	-3.56364138080733	-13.4784889532789	-9.91484757247153	53.8800000000019
361	1.598495508	78.4652569664462	2.33341796757759	0.969977669181661	-7.36159528265655	34.7	0	-4.70290201023562	-13.2553578979957	-8.55245588776006	72.5400000000017
361	2.010429716	80.2768814998138	4.68024627019541	1.01518180465987	-3.14555129746635	21.9333333333333	0	-0.114404987494424	-12.7355738320962	-12.6211688446018	46.4600000000013
361	2.296063152	75.749872867902	1.84049592949925	1.84049592949925	11.7787653162433	15.1	0	3.82463337938557	-10.4986832585744	-14.32331663796	28.0999999999995
361	1.955924949	83.7442842838124	NaN	0.955113147453337	-10.2564355590429	23.7333333333333	0	-3.89604877338883	-13.1642920279187	-9.26824325452986	63.1600000000031
362	3.863467221	27.200263292552	9.66752426170825	4.27837846387316	26.1732946982702	45.8	0	0.329542411122986	-11.1147482724624	-11.4442906835854	107.916666666665
362	2.971520222	55.3130206581352	2.1938505851069	2.1938505851069	11.4889906901414	13.0666666666667	0	-3.13931505318592	-12.2180485472267	-9.07873349404073	113.18
362	3.943846685	73.8173436365651	2.11164000382224	0.901848360231726	-8.42592805699225	9.16666666666667	0	-2.18728275340283	-12.5898842791912	-10.4026015257884	64.580000000002
362	2.040634161	39.8786620685596	2.75225509621953	2.75225509621953	16.0700679415039	42.2	0	-2.69409179729959	-12.6343035781246	-9.94021178082505	132.27777777778
362	0.9191379225	38.5350104635237	1.80805030804281	1.80805030804281	20.5493005449091	74.7	0	-4.24942352507318	-12.0740006903299	-7.82457716525667	112.305335968373
362	1.141432781	70.1545392130696	1.76218173166764	1.76218173166764	15.5657427602381	0.2	0	-2.15673753945597	-9.68108964993911	-7.52435211048314	65.4000000000022
362	1.985653483	55.7122172250535	2.10878974717785	0.899210616185863	6.87968498532804	28.7666666666667	0	-1.65347110347696	-11.3567205799041	-9.70324947642712	92.2600000000006
362	1.437512928	77.6547897426777	1.25605527903117	1.25605527903117	12.023719741413	0.166666666666667	0	-1.46708218423782	-9.27602080806255	-7.80893862382473	31.7100000000006
362	1.538072683	65.80610638638	1.68936843780273	1.68936843780273	14.720450985083	2.3	0	-4.77452416395766	-11.8986864510528	-7.12416228709515	91.1441666666663
362	1.995576807	55.7077989498365	1.70820295446442	1.70820295446442	16.1994054539809	8.13333333333333	0	-6.51465594059576	-13.2530726109264	-6.73841667033059	142.429166666666
362	2.106726663	58.4977484361838	1.45232524367291	1.45232524367291	11.6390572336211	40.7333333333333	0	-4.42071252764498	-12.3617986223537	-7.94108609470868	102.96
362	1.899885076	56.4624596189086	1.13500190961834	1.13500190961834	11.9318103393032	44.4666666666667	0	-5.64039262956007	-12.6219012590836	-6.98150862952352	127.799999999998
362	1.491485161	72.4204101650759	NaN	0.86843866466286	1.32225216901453	9.26666666666667	0	-6.20576391280082	-12.9932639694555	-6.78750005665466	77.8636363636352
362	1.887903947	62.9270877636968	1.98344804133472	0.876054129713927	6.09916357737842	13.6333333333333	0	-3.95959248880411	-12.555238024119	-8.5956455353149	124.884615384611
367	1.713080784	57.0685416062024	1.10049216884423	1.10049216884423	19.8655651237518	34.3	0	3.77182245387681	-11.6830012311162	-15.454823684993	49.9375
367	1.902287248	53.7238488784665	1.24469746986156	1.24469746986156	9.08797018476662	44.1333333333333	0	2.64477241523042	-11.1113484023145	-13.7561208175449	86.3000000000008
367	1.646996451	57.2166254724565	1.37858289672119	1.37858289672119	18.8082668905145	24.1666666666667	0	2.95343208973918	-11.4755650347249	-14.4289971244641	44.978260869564
367	4.309632294	29.2423344913109	1.46389732453997	1.46389732453997	15.1387995108315	31.3	0	1.01149098017316	-11.0152400838119	-12.026731063985	80.7750000000006
367	1.744425815	40.8115239972445	1.16059179501311	1.16059179501311	15.0894715170835	30.5333333333333	0	-0.065783523561123	-12.6749001511965	-12.6091166276354	78.7857142857133
367	1.744425815	37.2388171675892	1.58804032895699	1.58804032895699	15.8410871541951	22.5	0	-3.20362152146112	-12.4302679642385	-9.22664644277742	90.3399999999997
367	3.211503473	56.7338232034081	6.89323899353161	2.29502765259064	20.2488065949378	87.1333333333333	0	2.51679108441897	-11.2850298746943	-13.8018209591133	82.2800000000009
367	1.129312863	39.5073019075714	1.44389472619223	1.44389472619223	15.6621272419649	36.4333333333333	0	-3.64489551736943	-13.4263008724444	-9.78140535507498	105.4375
367	1.250538353	33.3613597464624	1.61807616903862	1.61807616903862	17.2297291450146	44.2333333333333	0	-7.32170166642086	-13.7710308223041	-6.44932915588328	111.519999999998
367	1.915036453	66.8333388514754	1.31104885865386	1.08685771274277	9.09938517225653	50.1	0	-1.50065384927041	-12.7020023151221	-11.2013484658517	57.0714285714312
367	1.335433097	39.6973367898173	1.33654913449894	1.33654913449894	15.651161011425	61.5	0	-6.36589316816591	-13.4716436262673	-7.10575045810143	97.7291666666642
370	0.9900664815	35.872341214328	NaN	1.01791553901043	-0.174198875166262	23.8	0	-7.45683523506068	-14.154387040094	-6.69755180503336	82.2400000000009
370	0.8185895307	29.4357993715218	1.43041683603958	1.43041683603958	20.5635328013695	32.1333333333333	0	-4.34120137643399	-12.1380580953364	-7.79685671890238	71.5400000000022
370	0.9257715681	29.0498488651004	1.40305219816468	1.40305219816468	16.6621919480946	44	0	-4.67803055252384	-12.8525750270279	-8.1745444745041	88.9200000000002
370	0.8913320344	28.8882187575251	1.44410578085696	1.44410578085696	19.1157858816301	32.0666666666667	0	-4.67083725601034	-12.9606728877883	-8.289835631778	78.6400000000013
370	4.620926565	51.2081372406324	3.55405540120292	3.55405540120292	13.4287753620027	1.16666666666667	0	-2.33799583461112	-11.9607088462578	-9.62271301164671	22.7799999999997
370	0.8513324837	48.4894693260512	1.45330211215466	1.45330211215466	14.3084829378219	0.733333333333333	0	-2.11863432484	-12.1816105974758	-10.0629762726358	26.2599999999996
370	1.148975953	36.0559103698714	2.03397051290748	0.919317123807254	7.10928086858345	28.7666666666667	0	-4.23236018070941	-11.9825305675376	-7.75017038682822	81.2391304347795
370	1.188977395	38.238936886703	1.994110617227	1.00144054339983	9.61343857836555	40.0666666666667	0	-1.26848516126793	-10.1338670267432	-8.86538186547523	80.4800000000011
370	1.634220632	39.5181050295772	1.14685599829721	1.14685599829721	10.123441518683	29.2666666666667	0	-1.37856208124651	-11.522351479501	-10.1437893982545	76.6000000000016
370	0.7306977911	30.7550046829028	1.11613949455991	1.11613949455991	18.1607111820068	26.7	0	-4.04575928997079	-11.6002645887764	-7.55450529880562	82.920000000001
370	0.8576696369	38.3803606798674	1.08691779819567	1.08691779819567	5.48499033312346	22.0666666666667	0	-4.91307605107636	-13.0073399300828	-8.09426387900649	72.0400000000021
370	1.071390222	34.5356964334499	1.48294380013157	1.48294380013157	18.0485988058416	47.0666666666667	0	-5.94862218048468	-13.2987485284462	-7.35012634796149	79.6000000000013
370	0.7612986891	38.467407917876	1.12270834108889	1.12270834108889	11.3371968359226	5.53333333333333	0	-3.54855022170125	-11.2718745699972	-7.72332434829596	75.5800000000015
370	1.188977395	36.9056035533696	2.14835100807472	1.20840432612577	11.5967288720393	35.4666666666667	0	-3.09571987016534	-11.3179662538962	-8.22224638373089	85.5600000000006
370	0.9970000454	29.9456176797145	1.45812935117093	1.45812935117093	16.8595633625828	11.4	0	-5.71466334271378	-13.1409688994166	-7.4263055567028	85.9800000000005
370	1.683347362	50.2288490698487	1.22009264107983	0.829880093563001	9.09426629390242	22.0333333333333	0	1.15486246909387	-11.8987145353217	-13.0535770044155	50.2800000000015
370	1.985653483	53.3536506651931	NaN	0.840161184038984	-1.62242856194875	32.3333333333333	0	0.990117970370875	-11.2287465701266	-12.2188645404974	54.5992647058833
370	3.326978166	62.1349615136733	2.82398467024476	1.0335748671645	12.0556643755333	33.0666666666667	0	1.2154870286715	-11.2359201901566	-12.4514072188281	36.1458333333331
373	4.931475215	29.0812958684993	4.87753256317148	4.87753256317148	NaN	0.3	1	3.38149685384406	-10.2541873678967	-13.6356842217407	1.58
373	3.359870257	26.1919962745589	4.05372762592939	4.05372762592939	27.4400403942876	91	1	3.13504100054504	-11.5919606227405	-14.7270016232856	93.7999999999996
373	0.7029622121	22.555601602045	1.47537993032059	1.47537993032059	24.7861409738275	30.8	1	-0.739540660052398	-10.6384908777333	-9.89895021768092	80.8200000000012
373	1.135152159	25.6695234488128	1.89965774004488	1.89965774004488	28.734019192238	101.633333333333	1	5.31852959162765	-9.44966372303881	-14.7681933146665	100.399999999999
373	0.8600541465	21.0658755446115	2.02383599759688	2.02383599759688	NaN	3.3	1	4.45343085263914	-9.56015532287896	-14.0135861755181	35.4799999999999
373	1.115617217	34.9727615756969	2.06767716934424	2.06767716934424	NaN	2.83333333333333	1	0.419352261523301	-13.3859027142627	-13.805254975786	7.73333333333332
379	0.7494330542	11.9536280298341	1.91778797251201	1.91778797251201	NaN	124.8	1	3.07651659208705	-8.70916259927444	-11.7856791913615	142.137931034488
379	0.8271091165	9.90982561865712	1.36988483414552	1.36988483414552	27.2719893560825	80.0333333333333	1	1.55815476028246	-9.26544294677694	-10.8235977070594	136.390804597702
379	0.9833143338	10.8633640447534	1.94137501474234	1.94137501474234	32.2838154212416	86.5	1	1.06564181220941	-10.2420069328407	-11.3076487450501	114.459999999999
379	0.8989082468	40.418536411604	2.41949766610498	2.41949766610498	NaN	0.166666666666667	1	0.361554425737154	-12.6287033806609	-12.990257806398	5.95999999999996
379	1.34038343	12.018573766004	2.61857043019707	2.61857043019707	33.1727689271149	103.066666666667	1	5.24151496724394	-8.27220562272942	-13.5137205899734	113.319999999998
379	1.520474845	8.63366920556586	3.01234881601958	3.01234881601958	29.0854637057043	101.366666666667	1	2.36925827817876	-9.28305819469389	-11.6523164728727	117.599999999999
379	1.713990938	11.3393237210949	2.47258861938747	2.47258861938747	27.8575671770886	106.3	1	1.12782511233257	-10.3189024605655	-11.4467275728981	125.179999999998
379	1.323395311	18.5357427671473	1.7903816508635	1.7903816508635	25.6205436972662	94.8333333333333	1	4.51961680059998	-9.75572282385122	-14.2753396244512	97.0000000000033
379	1.323395311	18.0912983227029	1.89002469794661	1.89002469794661	18.1433923690075	115	1	0.774897352495969	-10.1552070655504	-10.9301044180464	116.399999999998
379	0.7681928449	7.42394077833127	1.44989959992249	1.44989959992249	28.5868425444427	71.1666666666667	1	-1.53327897776015	-10.5168897420843	-8.98361076432417	111.099999999998
379	0.7681928449	31.6461630005535	1.59853880311189	1.59853880311189	NaN	0.0333333333333333	1	2.84070609079512	-10.6434013687371	-13.4841074595322	9.99999999999989
379	0.8869636541	10.0489246236126	2.29251037527626	2.29251037527626	37.1888113554313	81.1666666666667	1	0.254991476706351	-10.0917005636324	-10.3466920403387	100.74
379	0.7029622121	9.31744700146477	1.30558054874448	1.30558054874448	26.3013080905389	60.8666666666667	1	-2.35862069644384	-9.94296245118807	-7.58434175474423	111.359999999999
379	0.7635187514	5.97533282968881	1.87616771821083	1.87616771821083	29.7024798227313	51.5333333333333	1	-2.85741729754579	-11.1809349774852	-8.32351767993944	77.5400000000014
