ChinID	UnitID	CF_kHz	SpontRate	HearingStatus	thresh_dB	Q10local	TTR_dB	SNR	F1pow	F2pow	F3pow
321	321_2_1	5.696465604	82	NH	7.65283597007895	6.5017038851911	NaN	Inf	0.54756926787326	0	0
321	321_2_2	5.897453827	72.2	NH	-2.09530431213422	11.7351632279033	54.2593763670105	Inf	0.53445442853001	0	0
321	321_2_3	4.342116617	19.2666666666667	NH	0.17374898952317	10.7759225866545	54.5967222185192	Inf	0.466161606876838	0	0
321	321_2_4	4.96319161	92.4666666666667	NH	15.1395764182253	3.98257515757728	40.8276150139466	Inf	0.454133004531347	0	0
321	321_2_5	5.243788625	13.4666666666667	NH	6.18148618529548	9.53549378806527	NaN	Inf	0.45044170617736	0.00103561950510929	0
321	321_2_6	5.243788625	13.0333333333333	NH	18.8481528519621	4.37743576993201	39.8070167536565	Inf	0.454753527452491	0.00715210431085724	0
321	321_2_7	4.090239729	85.3	NH	-9.69905068266025	8.34722384923796	60.0416363041503	Inf	0.433564997109698	0	0
321	321_2_8	3.535490887	3.96666666666667	NH	12.8991282056133	5.30739668997365	44.1128901643884	Inf	0.414096212943042	0.00284677072604585	0
321	321_2_10	4.228609837	4.73333333333333	NH	15.8659941850008	5.33036528456624	NaN	Inf	0.405927805156139	0	0
321	321_2_12	4.144973038	102.333333333333	NH	-3.13040814966208	5.70011601470219	NaN	Inf	0.411940956596358	0.00544419731690526	0
321	321_2_13	4.144973038	1.9	NH	21.3140362947824	4.51840508214276	NaN	Inf	0.378310852049282	0	0
321	321_2_14	NaN	0.533333333333333	NH	NaN	NaN	NaN	Inf	0.23844908993309	0.0591501300782662	0.0226884954854155
322	322_1_2	3.475609728	4.9	NH	8.79882383137334	5.09470889983411	52.7839281308402	Inf	0.319168930211291	0.0325845677118538	0.0208065308074505
322	322_1_3	3.326978166	6.7	NH	8.11626859030612	6.69271588092881	NaN	Inf	0.230303499750417	0.0143644777595247	0.0161076346383482
322	322_1_4	8.934560923	60.8	NH	2.22058536880325	7.03189309884986	NaN	Inf	0.435197127408892	0	0
322	322_1_5	7.705316109	81.5666666666667	NH	1.81580927888827	10.4914259351071	NaN	Inf	0.271439410725103	0.0318455915635386	0.0290714393185875
322	322_1_6	9.652190431	74.3333333333333	NH	16.3299151679393	4.54389415856348	NaN	Inf	0.229630578061529	0.027578327165841	0.0331923570063794
322	322_1_8	9.786329755	34.9	NH	20.1859265693054	4.50345055725887	NaN	Inf	0.424655464773068	0	0
322	322_2_1	6.308662272	44.1666666666667	NH	-0.903020397762388	10.1885538976649	NaN	Inf	0.534604353796578	0	0
322	322_2_2	2.864131286	41.8	NH	2.35422952081826	4.40873437201665	44.602993964511	Inf	0.418248034067533	0.0221342939951897	0
322	322_3_1	4.257209676	7.6	NH	4.87141617659716	7.1393524181797	NaN	Inf	0.338257437938144	0	0
322	322_3_2	5.149289271	10.3	NH	8.86663608070904	4.51906141629419	NaN	Inf	0.524446558728383	0	0
322	322_3_3	8.438533664	97.9333333333333	NH	19.1381510803087	4.2734893930267	44.1535982521591	Inf	0.331012020925263	0.0084465189778089	0
322	322_3_4	9.063076815	87.7	NH	16.9794198496056	4.87148329821338	NaN	Inf	0.251175409154056	0.0332007586791	0.0132853361143699
322	322_3_5	9.063076815	62.0666666666667	NH	3.20164207182779	11.1936740598294	NaN	Inf	0.396201856106413	0	0
322	322_4_1	5.302743749	59.0333333333333	NH	6.64002410617219	7.79021951121807	NaN	Inf	0.425141629454851	0	0
322	322_4_3	7.128534282	0.633333333333333	NH	35.178286709762	4.76582324335677	NaN	Inf	0.37517296866408	0	0
322	322_4_4	6.576733872	70.9666666666667	NH	13.5265079037037	5.9736717572697	NaN	Inf	0.32582391725252	0	0.00649147110288757
322	322_4_6	8.307265413	2.86666666666667	NH	25.3947726527702	4.38801488848543	NaN	Inf	0.387959323645429	0.00980666588960813	0.00858961663996446
322	322_4_7	7.023259975	8.33333333333333	NH	20.8077251863848	4.51780646331421	NaN	Inf	0.423050569987898	0	0
325	325_1_15	4.657330784	21.1666666666667	NH	17.4047128259065	4.39328732225328	NaN	Inf	0.180611001224622	0.0419107935373392	0.0486045699792021
325	325_1_16	4.657330784	17.1333333333333	NH	4.73804615923981	7.71835707236069	NaN	Inf	0.502454715783445	0	0
325	325_1_17	4.657330784	21.0666666666667	NH	6.73804615923981	5.65079811026023	NaN	Inf	0.460144842202125	0	0
325	325_1_18	3.977131455	17.1	NH	7.57098434144718	5.61535221955042	NaN	Inf	0.461997240038844	0	0
325	325_1_19	3.816539839	25.0333333333333	NH	8.69729724758476	4.52606094538542	NaN	Inf	0.416803371392941	0	0
325	325_2_6	2.931133715	97.1666666666667	NH	6.27625998580465	5.12738356650925	NaN	Inf	0.316024099899791	0.00922597752676616	0.00154786019917506
338	338_1_1	6.15315009	1.86666666666667	NH	-11.3638482987935	7.95352191335953	71.454737691076	Inf	0.556851454140268	0	0
338	338_1_3	7.705316109	43.2	NH	34.6951181392394	3.52977976355708	25.8441387350248	Inf	0.535327236808904	0	0
338	338_1_4	6.685104632	23.7333333333333	NH	38.5752837813678	2.4573858016856	NaN	Inf	0.519780625385531	0.00232367370089195	0
338	338_1_5	6.469354636	0.7	NH	38.856926614103	2.81138979606032	NaN	Inf	0.438576099320227	0	0
338	338_2_1	1.996080393	40.5	NH	-14.6734817660219	3.88210056930432	NaN	Inf	0.539087439969122	0	0
338	338_2_2	5.435697359	9.5	NH	-10.8520144482037	5.95356823229181	NaN	Inf	0.489506523779175	0	0
338	338_2_3	5.495854974	76.2333333333333	NH	-0.278078927305783	11.9988670437348	NaN	Inf	0.399592374885465	0	0
338	338_3_1	3.816539839	58.0666666666667	NH	-15.4222030771243	4.47359827144829	NaN	Inf	0.512437511405117	0	0
338	338_3_2	1.644947748	77.8333333333333	NH	2.7990627620301	5.10289899846736	NaN	Inf	0.274193220925046	0.0437452792408926	0
338	338_3_3	1.627583876	78.1333333333333	NH	25.0427241606469	2.69082649685886	NaN	Inf	0.331185032565304	0.0057329368047267	0
338	338_4_1	3.977131455	0.6	NH	51.4620582464228	2.06610302627897	NaN	Inf	0.275419164964889	0	0.0060224437094721
341	341_1_1	4.309632294	84.8	NH	-11.992951249134	9.99806614001439	53.6294955987153	Inf	0.43342866144365	0	0
341	341_1_2	3.977131455	86.8	NH	-12.3202478500813	8.97853205073127	NaN	Inf	0.295221995190169	0.100269832014281	0.0391642147152952
341	341_1_3	3.582678948	86.1	NH	3.71805646894375	5.1230245101476	NaN	Inf	0.303864002311868	0.0303494086233542	0
341	341_1_4	4.395127191	11.5666666666667	NH	8.94372507262923	7.52563098218263	NaN	Inf	0.306669953216775	0.0218768899332063	0
341	341_1_5	4.568974493	25.1333333333333	NH	17.1157595255166	4.82241833445834	NaN	Inf	0.425354857295793	0.00991142018195669	0
341	341_1_6	3.283889696	87.6	NH	-3.60970362757007	6.2614993347464	NaN	Inf	0.61107348516581	0	0
341	341_1_8	1.456139686	43.9	NH	5.05989539154542	4.45141896158087	NaN	Inf	0.497350373701443	0	0
341	341_1_9	9.991380628	9.73333333333333	NH	45.5398671987319	3.51885236538622	33.2311577231403	Inf	0.495557858569864	0.0128877622337491	0
341	341_1_10	0.3890989803	0.933333333333333	NH	29.8067941468292	1.52506287634531	NaN	Inf	0.543888562708534	0	0
341	341_1_12	3.509759167	96.4333333333333	NH	33.2749031690619	3.47475117006791	NaN	Inf	0.500519073314204	0.0317582329777765	0.010411300822747
341	341_1_13	5.020351289	9.33333333333333	NH	29.1051902765006	3.15526827893666	NaN	Inf	0.483516958749578	0	0
341	341_1_14	1.900059238	88.4	NH	29.8289882021333	2.21978091722533	22.2625738198796	Inf	0.316184760980472	0.0443608163440565	0
341	341_1_17	5.113514577	94.3666666666667	NH	24.0875356907011	4.90994237063329	NaN	Inf	0.465955808628598	0	0
341	341_1_18	3.659698553	79.8333333333333	NH	20.0870519345621	3.62613640719271	NaN	Inf	0.256810646663422	0.00602030769018361	0
341	341_1_19	4.225087277	79.8666666666667	NH	7.39975724539807	4.29099061563906	NaN	Inf	0.286021267970803	0.039871734527378	0
343	343_1_3	5.398813219	36.1666666666667	NH	16.0073211970556	5.88431863267929	NaN	Inf	0.120779295238902	0.0698170662223298	0.0244545175383423
343	343_1_4	5.398813219	27	NH	14.2295434192779	6.08636378862841	NaN	Inf	0.0901670877290148	0.0868973176911503	0.0289296387309209
343	343_1_5	4.602549087	23.5666666666667	NH	9.66216035131478	6.53963063054057	NaN	Inf	0.114180873301278	0.125334844489243	0.0164469479434147
343	343_1_6	5.402310572	58.9666666666667	NH	18.6289900186279	6.42179722527277	NaN	Inf	0.202558901207386	0.0512175886983647	0
343	343_1_7	5.499387572	52.7333333333333	NH	19.5608241289461	5.65358095492233	NaN	Inf	0.195385131847601	0.0943376819767914	0
343	343_1_9	6.631898869	53.3666666666667	NH	23.290454383924	5.17110242307708	NaN	Inf	0.175536406725974	0.0137386363044674	0
343	343_1_10	6.740776098	27.9	NH	22.9772467579878	5.11546231909294	NaN	Inf	0.11461370143458	0	0.0154337232531513
343	343_1_11	7.363506657	13.8333333333333	NH	20.1468848495675	5.10584581340265	NaN	Inf	0.277441651771496	0.050458994906498	0
346	346_1_2	11.2592202	25.6333333333333	NH	41.072181762647	3.689610428704	NaN	Inf	0.14146873627867	0.00240789272333938	0.00880537465595487
346	346_1_3	4.290964766	68.4333333333333	NH	14.315050889622	6.48893877047661	NaN	Inf	0.0801284472903921	0.0439353688088859	0.0188955961134769
346	346_1_4	5.207644796	92.8666666666667	NH	19.0408174481133	5.68665612862071	NaN	Inf	0.13293727812555	0.0296258121259509	0
346	346_1_6	4.062282195	35.6	NH	13.4309203924899	4.69688287236138	51.3013793278725	Inf	0.157867913544645	0.00487146597834022	0.0159514856718495
346	346_1_8	3.740937317	91.3666666666667	NH	24.9268198337322	3.01764008434659	NaN	Inf	0.156659308437259	0.0232653802349963	0
346	346_1_9	3.740937317	32.8666666666667	NH	35.1490420559544	2.88469040610976	NaN	Inf	0.206473386126479	0.027350267623063	0.0240098431447089
347	347_1_1	NaN	27.5666666666667	NH	NaN	NaN	NaN	Inf	0.467133338202529	0	0
347	347_1_2	5.306205922	104.133333333333	NH	26.4159525044748	5.3794616251429	34.2973701306928	Inf	0.211983962694	0	0.0108722791846599
347	347_1_3	5.116906584	92.1333333333333	NH	28.378927577275	9.07480275303016	39.4205958604377	Inf	0.17188668510362	0.0238328505383629	0.00263342053388381
347	347_1_4	4.312711872	104.166666666667	NH	14.8122896680058	6.55044898352799	47.4695591426147	Inf	0.129211349656998	0.0156508504972812	0.0165448086951318
347	347_2_1	5.893779628	1.06666666666667	NH	35.9409373614717	2.77378425899669	27.9368997627587	Inf	0.475535228897147	0	0
347	347_2_2	7.069308903	5	NH	41.665696757195	3.88532396004179	32.8993639567804	Inf	0.228106123645593	0.0261877988778072	0.00936042253224301
347	347_2_3	6.202516313	11.4	NH	34.2926066427383	6.10252041312959	31.9007388666578	Inf	0.357305833337578	0.0146019776578874	0.0114670919696012
347	347_2_5	4.058838883	5.3	NH	24.1712410200263	3.25464006060507	NaN	Inf	0.380805819843305	0	0
347	347_2_6	3.591779023	72.2333333333333	NH	15.6779622591108	2.17084366098174	NaN	Inf	0.362859686957149	0.0295042095225997	0
347	347_2_8	4.313194605	75.1	NH	14.1419520069938	4.22154758279569	NaN	Inf	0.373347764124019	0	0
347	347_2_9	4.062282195	75.8	NH	-0.9053304076506	8.91707758411635	NaN	Inf	0.458316162767187	0	0
347	347_2_10	3.434560755	44.3	NH	1.62764254898821	6.70709831303401	NaN	Inf	0.237611029364164	0	0
347	347_3_1	6.102365795	4.03333333333333	NH	18.8788131211768	5.90366298218852	NaN	Inf	0.361909239137139	0	0
347	347_3_2	4.572157594	127.033333333333	NH	10.3389939420352	4.6852454283541	NaN	Inf	0.356417192687176	0.00875119950356944	0
347	347_3_3	4.144501066	91.6666666666667	NH	0.563370857245087	8.04135068440797	NaN	Inf	0.388547269264526	0	0
347	347_3_4	4.398241206	69.6333333333333	NH	2.5536991469761	8.27045802453244	NaN	Inf	0.255511533636035	0.00628802938698711	0
347	347_3_6	3.142609215	75.0333333333333	NH	8.30697624228608	6.1331710192377	NaN	Inf	0.353295391350342	0.0154035615678456	0
347	347_3_7	3.611934114	84.4333333333333	NH	15.2557684907237	3.22006341807116	NaN	Inf	0.322305418904466	0	0
347	347_4_1	2.933994151	8.4	NH	20.2618735411633	2.47032137838608	NaN	Inf	0.276898163488521	0.020181468058411	0.0273305835023957
347	347_4_3	3.002753236	3.73333333333333	NH	22.6165300814018	2.21158260428718	NaN	Inf	0.22568686540682	0.0288373383323247	0.00293404327937208
347	347_4_4	3.819864924	34.5	NH	14.1585150289646	3.6672814906816	NaN	Inf	0.372456801762904	0.0241334417512697	0
347	347_4_5	3.286942067	0.8	NH	37.7446047955005	2.24825762356392	NaN	Inf	0.213804683894814	0.0196821866079577	0.0131683762626661
347	347_4_7	3.21451726	67.3666666666667	NH	8.19632054594341	5.15389773285876	NaN	Inf	0.349984307902793	0	0
354	354_1_1	2.842273919	80.8666666666667	NH	14.0332335863567	4.38397438361379	NaN	Inf	0.16765546487482	0.00709648469708526	0.0818490978398255
354	354_1_2	2.781834315	17.0666666666667	NH	26.4327967371338	3.13139184211299	NaN	Inf	0.0668601478332583	0.102896648983398	0.0435200101878013
354	354_1_3	1.733324597	81.2333333333333	NH	23.1398082509345	2.27509040473008	NaN	Inf	0.0465918250589735	0.184670559225845	0.00795559065676352
354	354_1_4	2.340103181	72.3	NH	30.6368157101809	2.734322023126	NaN	Inf	0.0506650780964461	0.156091696653803	0.0635412753093672
354	354_1_5	2.651139601	17.5	NH	31.2499137310099	4.90187244534794	34.2576317669804	Inf	0.0853995808885638	0.100797284107819	0.0846761774057029
354	354_1_6	2.716035787	17.0666666666667	NH	32.5719062262339	4.01086658406418	27.6533738892719	Inf	0.0760888873588449	0.0807903018753074	0.0475453533827152
354	354_1_7	1.634220632	12.5	NH	28.5124533962477	2.32756645233068	NaN	Inf	0.0543997406633741	0.187242102363093	0.00144903929160757
354	354_1_9	2.524044	75.2333333333333	NH	36.9089630522201	4.9107319448037	NaN	Inf	0.0699798341849825	0.0974301271607338	0.0611591340429482
355	355_1_1	5.40285878	88.3333333333333	NH	-12.723751757376	6.9037774690085	74.1610428008634	Inf	0.201072114859979	0.0860299435389795	0
355	355_1_2	5.495854974	96.4666666666667	NH	-9.24849752378005	8.93609119652286	78.8584077246027	Inf	0.132091022371457	0.0659431459242958	0.00281030718835758
355	355_1_3	5.893779628	64.9333333333333	NH	-16.0026961241544	8.45750823677908	70.5000177208997	Inf	0.219727401608013	0.0105173185545929	0.00198783821538571
355	355_2_1	7.07337742	28.0666666666667	NH	23.3000873129263	5.22996789275318	NaN	Inf	0.0941988002751556	0.02634846656484	0.0245489539807315
355	355_2_3	5.499387572	68.3	NH	-10.3789640452586	6.85360507521729	73.0485503895871	Inf	0.181167936818496	0.0894566933597979	0
355	355_2_4	5.796470089	70.7	NH	-14.756078058367	9.09771681024584	70.4521283719074	Inf	0.156793673115936	0.048630410988536	0
355	355_2_5	6.631898869	55.1666666666667	NH	19.2761678983667	5.49530531877276	55.8650603165189	Inf	0.211252638356098	0.0408144831424135	0
355	355_2_6	5.696465604	1.46666666666667	NH	14.3437771531678	6.46876699402219	NaN	Inf	0.14009300450811	0.0378044850730908	0.041147835278913
355	355_2_8	6.740776098	67.0333333333333	NH	26.9066175338693	8.41684174969375	NaN	Inf	0.125249878046239	0.0416206221567042	0.0163508209430296
355	355_2_9	8.370108469	67.5666666666667	NH	32.1722657865769	3.72834094560692	NaN	Inf	0.160353963408786	0.00978212470410043	0
355	355_2_10	6.311214819	30.2	NH	3.55276703822257	6.11232870798585	NaN	Inf	0.205883049379028	0.0441662463227973	0.0426591643155715
355	355_3_1	0.7769109151	62.2666666666667	NH	12.9496065192052	2.18851650725837	37.3959820910121	Inf	0.476211488182635	0	0
355	355_3_2	5.055757536	44.2	NH	-9.43488547907341	8.78789530939443	NaN	Inf	0.135302765301692	0.0624563146154799	0.0467050259628175
355	355_3_4	4.602549087	69.2666666666667	NH	-2.56650645141808	13.2900928634001	NaN	Inf	0.180898812447244	0.0272931892215215	0.0150412322596857
355	355_3_5	4.427974193	54.1666666666667	NH	32.9301089096999	9.68245122863327	NaN	Inf	0.0840358902668955	0.0189409922004835	0.011213535826772
355	355_3_6	4.780949837	61.1	NH	7.71174992891427	10.300807283559	68.1863230167662	Inf	0.0891851251159568	0.00529692882438065	0.0187064406108886
355	355_3_7	3.927048211	64.7	NH	0.701515592081154	8.7125243071781	NaN	Inf	0.265844518710085	0.104436368679757	0.0269080183803971
355	355_3_8	4.257209676	18.5666666666667	NH	-7.87255761523078	11.227264214978	NaN	Inf	0.186978409423136	0.00423327022558628	0.019487817645056
355	355_3_9	4.427974193	32.5333333333333	NH	-4.40322442363342	7.42558576867262	NaN	Inf	0.1355233618451	0.0750528981120642	0.060389709329553
355	355_4_1	5.932526157	50.7666666666667	NH	8.88614204841107	5.71780548521759	53.3901421147058	Inf	0.108081259705316	0.0300970186250673	0.028578802989649
355	355_4_2	4.602549087	42.5666666666667	NH	-10.7887286736403	5.79745846398737	NaN	Inf	0.322168620305574	0.00366273793570947	0
355	355_4_3	4.257209676	9	NH	9.34966460699144	8.61961961439245	NaN	Inf	0.216323490654815	0.0206108931569737	0.00533991547355698
355	355_4_4	4.427974193	22.4333333333333	NH	-11.5143355347445	7.32721153507074	NaN	Inf	0.317470573655888	0.0122417452395068	0
355	355_4_5	3.459977433	56.2666666666667	NH	5.65520392160575	7.61670845868568	NaN	Inf	0.252086766083549	0.0493276135304222	0
355	355_4_6	3.2389934	86.6333333333333	NH	5.88945591048494	6.19338824818176	NaN	Inf	0.163058112512027	0.132246593707967	0.00185447654122382
355	355_4_7	3.311730946	68.9	NH	6.44717869481942	9.97770449011124	NaN	Inf	0.174566467906192	0.0942301044472789	0.000805372832701302
355	355_4_8	2.198762385	79.8	NH	35.1705479152972	3.47719887533653	NaN	Inf	0.152260794333649	0.151174130843292	0.0063262870800001
355	355_4_10	2.877605159	86.4	NH	31.3165502260802	2.44061940719428	20.6506776132922	Inf	0.315346356677706	0.0621129201295838	0
355	355_4_12	3.084349458	47.8666666666667	NH	7.97274587892364	9.03036979211112	NaN	Inf	0.166506158426763	0.150720874017569	0.0073529070168948
355	355_4_13	3.299334586	6.36666666666667	NH	31.6464465419019	5.30232388009558	NaN	Inf	0.162840685859025	0.0219523907217961	0
355	355_4_14	3.084349458	63.2	NH	19.5283014344792	6.54280261725619	NaN	Inf	0.254548454730087	0.0822089544197601	0.0368575199687418
355	355_4_15	3.299334586	86.6666666666667	NH	10.9797798752353	13.2421899124556	NaN	Inf	0.123173874457815	0.0700788704673923	0.0331184901064349
355	355_5_1	NaN	52.3333333333333	NH	NaN	NaN	NaN	Inf	0.103411586336983	0.0370546315266201	0.0261354547309787
355	355_5_2	7.414965493	41.7666666666667	NH	24.8424179170995	5.0399547407751	NaN	Inf	0.22279843376225	0.000390912919311717	0.00907702871940521
355	355_5_3	7.186239553	30.5	NH	48.5594326109369	4.00523763459309	NaN	Inf	0.0716580660308845	0.0391425029984519	0.055537691188532
355	355_5_6	1.052527707	81.9	NH	34.0500443104078	1.63067769614848	13.6217151487179	Inf	0.297524388323999	0.0334194297346019	0
355	355_5_7	1.173487823	86.6666666666667	NH	20.3658267435279	3.04246295975265	NaN	Inf	0.152058371411166	0.0594620775851296	0
355	355_5_8	1.133797439	63.4666666666667	NH	19.7900847349669	2.85136118458868	NaN	Inf	0.1687499547682	0.068433968805424	0
355	355_5_9	1.094912572	65.0333333333333	NH	29.9500503880533	1.33112955673687	12.501850437372	Inf	0.270782870212493	0.00165940765821612	0.000137691684134071
355	355_5_10	1.213987722	66.1333333333333	NH	18.1667556042622	3.69806404047211	NaN	Inf	0.151069704225763	0.0262750539581069	0
355	355_5_11	1.34038343	74.2333333333333	NH	23.6798888072604	6.24779734519156	NaN	Inf	0.273036715440983	0	0
355	355_6_1	5.402310572	52.4666666666667	NH	48.8348544372492	11.1132168180399	NaN	Inf	0.0753202459755174	0.0639515765599724	0.0666037158584377
355	355_6_2	6.206297353	45.3333333333333	NH	21.9698841763396	6.60453888864704	NaN	Inf	0.0842538464395138	0.0263424409896693	0.0130003905517067
355	355_6_3	1.379115193	69.3666666666667	NH	29.728816783385	6.42480071665656	NaN	Inf	0.142590051927369	0.0667109699617662	0
355	355_6_4	1.658721421	72.3333333333333	NH	40.1707541145185	5.87233158248321	35.1033608586196	Inf	0.107687268448976	0.0692729838879415	0.00176453729812808
355	355_6_5	2.079177187	18.5333333333333	NH	32.674722811514	2.59988515759499	15.4860131269565	Inf	0.105350451144036	0.044867662354878	0.0133442396607047
358	358_1_2	3.254048792	22.7333333333333	HI	41.2643296582036	3.41695589278021	12.2803069111802	Inf	0.123026192053461	0.0362877837881206	0.0186815391261838
358	358_2_2	4.709846964	72.6666666666667	HI	8.29717533279358	4.75291179141855	48.4779179579829	Inf	0.643904225825536	0	0
358	358_2_3	7.478924993	61.2	HI	34.8174248805296	3.05830704935951	25.5718205723156	Inf	0.604184321018967	0	0
358	358_2_5	1.129312863	20.2666666666667	HI	49.5155374985553	1.09846401347784	8.47561301179536	Inf	0.614534724639901	0	0
358	358_2_6	0.8744338082	43.5	HI	36.1766978750083	1.17476343932215	9.90015476641259	Inf	0.57624613114705	0	0
358	358_2_7	1.610017957	43.1	HI	60.7033629118713	1.07801067130734	7.53839694606234	Inf	0.36964608748812	0.0216981002185494	0
358	358_2_8	1.468967189	23.7666666666667	HI	56.4133011065143	1.28789522791274	14.2214711029331	Inf	0.549787611763943	0	0
358	358_3_1	3.604231056	58.8	HI	58.2560419981613	2.87900936740108	7.42965699805195	Inf	0.642492176654602	0	0
358	358_3_2	NaN	54.9	HI	NaN	NaN	NaN	Inf	0.606951224631492	0	0
358	358_3_3	5.631497897	79.8	HI	32.3472464732801	11.3708266139819	43.8425857008847	Inf	0.461135424752091	0	0
358	358_3_4	4.691270275	3.43333333333333	HI	44.9601017211033	3.10584586289982	14.1546190712162	Inf	0.545070071813803	0	0
358	358_3_6	1.094371421	45.4333333333333	HI	47.1716036512355	0.940695602906441	3.95284085480309	Inf	0.621403884985109	0	0
358	358_3_7	1.411125882	38.4333333333333	HI	55.7673310187308	0.922244450651364	-0.667467184550233	Inf	0.502993531428647	0	0
358	358_3_8	NaN	1.36666666666667	HI	NaN	NaN	NaN	Inf	0.244341364304569	0.0102385050717691	0.0174733480540375
358	358_4_2	NaN	15.2333333333333	HI	NaN	NaN	NaN	Inf	0.483806872050608	0	0
358	358_5_2	2.040634161	44.6333333333333	HI	54.3651985418696	0.993959389814545	0.378459972155596	Inf	0.42785513056064	0	0
360	360_1_2	1.825911607	51.5	HI	41.0026080512516	2.28837818897822	17.3378576219865	Inf	0.414253801950671	0.0577526295973145	0
360	360_2_1	4.025167071	57.7333333333333	HI	39.2673677667927	2.89561599572838	18.9085624091554	Inf	0.312241877789641	0.0619513348257066	0
360	360_2_2	3.767618626	59.7	HI	40.9122336583402	3.53678981685109	16.9283929890805	Inf	0.316455614604705	0.0615312269272267	0
360	360_2_3	2.499123799	30.3666666666667	HI	50.2199666075493	1.03951167530135	6.07762450182357	Inf	0.388767634193386	0.0321448421978689	0
360	360_3_2	1.56691828	68.1	HI	43.9507736723471	1.7214864392303	23.91415387395	Inf	0.410057006710783	0.0195699238908348	0
360	360_3_3	1.383538567	7.23333333333333	HI	56.8625611164621	1.59181264019508	19.6426416528317	Inf	0.451916374005578	0.0472994189677386	0
360	360_3_4	1.996080393	1.7	HI	69.5852290861171	1.10837637475195	0.562829473239731	Inf	0.438518240498579	0.0816887072595803	0
360	360_4_1	1.411125882	6.03333333333333	HI	66.6209876066582	1.23549587816338	13.8444541431789	Inf	0.384471008928456	0.053813678716775	0
360	360_4_2	1.411125882	36.9666666666667	HI	49.5098764955471	1.32183534918956	12.8869369093117	Inf	0.508560484489514	0	0
360	360_4_4	1.366847073	24.7666666666667	HI	43.7646934524758	3.06841349191894	22.4637356772523	Inf	0.520144413264938	0	0
360	360_4_5	1.456235365	18.1	HI	64.5371300127787	1.06441423542139	1.92948725553178	Inf	0.572197364482692	0	0
360	360_4_6	1.456235365	28.1666666666667	HI	62.0926855683343	1.073751092199	9.13310343785368	Inf	0.497177645089151	0	0
360	360_4_7	1.366847073	31.5333333333333	HI	51.3202490080313	1.16445403381899	12.3762330666805	Inf	0.465299645509816	0.00123191461070386	0
360	360_4_8	2.008244458	24.9	HI	62.2132323758847	1.06587941243643	1.46771037250047	Inf	0.41125946566427	0.0821767873319485	0
360	360_4_10	1.696345465	41.3333333333333	HI	56.1820846274937	1.06307692547307	13.776627715918	Inf	0.343772403581138	0.0568089905637677	0
360	360_5_2	0.8320128448	24.7333333333333	HI	66.2217809100626	1.42751063121842	18.1030051578244	Inf	0.604857585200572	0	0
360	360_5_3	1.456235365	27.9	HI	62.7593522350009	1.16330219793763	5.4828496004374	Inf	0.344539339216243	0	0
360	360_5_4	0.9335208735	57.4666666666667	HI	62.3961259810743	1.36951928046709	21.2859422066656	Inf	0.385136614049085	0	0
360	360_5_5	1.157784005	36.5	HI	61.2665720514845	1.41227040779252	NaN	Inf	0.323300657863954	0.01988451742156	0
360	360_5_6	1.366847073	31.6	HI	68.6535823413647	0.984113615942019	7.653791208562	Inf	0.524064582032694	0	0
360	360_5_7	1.197965106	11.2333333333333	HI	64.40152599077	1.30092754471452	NaN	Inf	0.290616525664387	0.0345963173784758	0
360	360_5_8	1.157784005	26.6	HI	59.4887942737067	2.33768724926525	19.3861650206185	Inf	0.437051007283765	0	0
360	360_5_9	1.238958112	54.6333333333333	HI	56.7110893382059	1.79368134976975	30.968931103901	Inf	0.216969178868043	0.120762267979542	0.006391906663239
360	360_6_1	1.238958112	47.3333333333333	HI	68.2666448937614	1.06160013805082	7.2794915221907	Inf	0.591339324248788	0	0
360	360_6_2	NaN	36.1333333333333	HI	NaN	NaN	NaN	Inf	0.577977333253527	0.0255996570771177	0
360	360_6_3	1.335433097	28.1333333333333	HI	60.4934174349874	1.57332481557647	19.2543756791233	Inf	0.356570124183009	0.0574081046320237	0
360	360_6_4	1.379115193	41.7333333333333	HI	66.9773808410066	1.9663872795521	17.1554975808327	Inf	0.295745508541464	0.156903243506724	0.0125612256024436
360	360_7_2	1.335433097	44.9333333333333	HI	67.8267507683207	1.02721814149975	4.32574602439055	Inf	0.517887648626954	0	0
360	360_8_3	2.355831896	93.1333333333333	HI	70.9256593295307	1.2931362808646	14.7243604824903	Inf	0.0904003580357581	0.0243779969752147	0.00775328480230623
361	361_1_1	6.911842149	104.733333333333	HI	61.6088061896245	2.34483441777873	7.2312543081439	Inf	0.462465415496969	0.0730942892490183	0.000425795901168396
361	361_1_2	6.369666559	1.06666666666667	HI	74.5374595922466	2.0339276577002	21.2871442282755	Inf	0.339979179177666	0.0866077840828139	0
361	361_1_3	3.943846685	97	HI	44.6376945595934	4.49933440718439	15.6958383130721	Inf	0.397382214411201	0.00266243363191937	0
361	361_1_5	3.326978166	50.8333333333333	HI	50.089561813159	3.25587409854266	3.78021105431686	Inf	0.136982981238345	0.101954550599166	0.0306909318508831
361	361_1_6	3.846864221	62.4666666666667	HI	54.040702811679	2.94118679537992	13.5120007946884	Inf	0.0812326879186076	0.0827547247509143	0.0349377353613911
361	361_1_7	3.09627822	28.2666666666667	HI	62.384806961368	1.90049185616099	-4.32795268002138	Inf	0.214174662336474	0.0944085214735064	0.0274924470442028
361	361_1_8	3.535490887	70.6333333333333	HI	60.4620743428452	2.51392199335057	9.92568397081404	Inf	0.156896684744351	0.0628495025760185	0
361	361_1_9	3.489988026	61.9333333333333	HI	58.2757748566377	2.35684858717492	-1.13193265860161	Inf	0.0618180395014129	0.084232828612049	0.0593270119823065
361	361_1_10	3.054101812	1.73333333333333	HI	78.7667622214617	1.54637479595558	0.137427922975419	Inf	0.198988460567073	0.119386676312811	0.0160225873768076
361	361_1_11	3.195713706	37.0666666666667	HI	58.7646703336535	2.21440195643109	2.37782408072594	Inf	0.140928181898226	0.0949771534956038	0.0469240417071725
361	361_1_12	2.933994151	16.6666666666667	HI	67.1164956774679	2.63914003575101	4.00665411895882	Inf	0.150110095339912	0.0815205578725461	0
361	361_1_13	2.866145519	3.8	HI	74.9566571155146	1.62006868981811	-9.62313555793931	Inf	0.158367103544434	0.0849940462767794	0.0372459034792112
361	361_1_14	3.21451726	6.93333333333333	HI	66.2808300079148	2.53454161994191	5.911696143556	Inf	0.123287550352917	0.100683329093733	0.0525547578549537
361	361_1_15	4.661052919	82.1333333333333	HI	61.2403132308725	2.71901865910615	24.0126054810713	Inf	0.229815091653629	0.03103154321562	0.0108258975798795
361	361_1_16	3.585886603	1.1	HI	77.0689600367381	3.22718949224623	24.5786220200387	Inf	0.137833732906774	0.118881336561023	0.0513213952384364
361	361_1_18	3.002753236	4.23333333333333	HI	75.7537570710913	2.02116572468944	2.95088904944362	Inf	0.244057721070967	0.0429000817987781	0.029735252267038
361	361_1_19	3.740937317	20.8	HI	56.2821425623774	3.78258036932364	32.9104951829136	Inf	0.0453125641467571	0.0860456314743222	0.0890903040638859
361	361_1_20	3.360289139	6.3	HI	73.9682836038744	2.33465668523857	15.4175995345988	Inf	0.243303457434035	0.0581096468697506	0
361	361_1_21	3.072425193	20.3	HI	60.1824654276997	2.68247220147767	6.49424278427591	Inf	0.177158612044468	0.087961018735658	0.0399342857364158
361	361_2_1	5.306748616	49.4666666666667	HI	49.1661247555308	4.1793090288954	32.8019179546094	Inf	0.333967696022006	0.0265403336459436	0
361	361_2_2	5.211609044	76.0666666666667	HI	65.315440883052	4.33045565123257	23.6677351861289	Inf	0.199223089539689	0.00758671043716164	0.0116557055250344
361	361_2_3	5.597997935	9.8	HI	82.9059673713898	2.42654294312658	-5.28364691155031	Inf	0.389645127105115	0.059973567395917	0
361	361_2_4	5.40285878	79.1333333333333	HI	66.5967198255488	4.75605794618944	6.3831439504573	Inf	0.436195695182421	0.0352295095875814	0
361	361_2_5	1.797600809	13.9	HI	82.2704273305835	NaN	-17.6401038345293	Inf	0.568338751634626	0	0
361	361_2_6	1.598495508	34.7	HI	78.4652569664462	2.33341796757759	-7.36159528265655	Inf	0.571827577230325	0	0
361	361_2_7	2.010429716	21.9333333333333	HI	80.2768814998138	4.68024627019541	-3.14555129746635	Inf	0.324858593543293	0.0706191701290471	0
361	361_2_8	2.296063152	15.1	HI	75.749872867902	1.84049592949925	11.7787653162433	Inf	0.124235924147978	0.0956097195558713	0.0577777504081863
361	361_2_9	1.955924949	23.7333333333333	HI	83.7442842838124	NaN	-10.2564355590429	Inf	0.571992807485614	0	0
362	362_1_2	5.302743749	36.8333333333333	HI	32.6203945117002	9.1642638268297	26.2743723433748	Inf	0.529760849182454	0	0
362	362_1_3	6.098620429	76.3666666666667	HI	22.7746115406906	11.6066167438457	33.7670687297029	Inf	0.584792445556341	0	0
362	362_1_4	5.398813219	23.8	HI	20.2855317226275	10.3898437240063	40.3562649458135	Inf	0.621605393597893	0	0
362	362_2_1	6.911842149	26.4666666666667	HI	60.6129546633215	1.04383527126388	2.38783333390583	Inf	0.303033742135032	0.0473667584297522	0
362	362_2_2	3.863467221	45.8	HI	27.200263292552	9.66752426170825	26.1732946982702	Inf	0.39666103979224	0	0
362	362_2_3	2.971520222	13.0666666666667	HI	55.3130206581352	2.1938505851069	11.4889906901414	Inf	0.358560348199802	0.0261387289565763	0
362	362_3_2	7.24909071	64.7	HI	81.1684642716533	2.64041714641066	-0.0726081430575363	Inf	0.547284413484497	0	0
362	362_3_3	3.943846685	9.16666666666667	HI	73.8173436365651	2.11164000382224	-8.42592805699225	Inf	0.391633854529847	0.0278018974499665	0
362	362_3_4	2.040634161	42.2	HI	39.8786620685596	2.75225509621953	16.0700679415039	Inf	0.436328312267485	0	0
362	362_3_5	0.9191379225	74.7	HI	38.5350104635237	1.80805030804281	20.5493005449091	Inf	0.57634665044264	0	0
362	362_3_6	1.141432781	0.2	HI	70.1545392130696	1.76218173166764	15.5657427602381	Inf	0.488650389588466	0	0
362	362_3_8	1.985653483	28.7666666666667	HI	55.7122172250535	2.10878974717785	6.87968498532804	Inf	0.34777945447095	0.0546207253108564	0
362	362_3_9	1.437512928	0.166666666666667	HI	77.6547897426777	1.25605527903117	12.023719741413	Inf	0.363941416356774	0.0602458204212904	0
362	362_3_10	1.538072683	2.3	HI	65.80610638638	1.68936843780273	14.720450985083	Inf	0.552833682724593	0.00757695032297041	0
362	362_3_11	1.995576807	8.13333333333333	HI	55.7077989498365	1.70820295446442	16.1994054539809	Inf	0.600446292305647	0	0
362	362_3_12	2.106726663	40.7333333333333	HI	58.4977484361838	1.45232524367291	11.6390572336211	Inf	0.493790809574813	0.0323762846835617	0
362	362_3_13	1.899885076	44.4666666666667	HI	56.4624596189086	1.13500190961834	11.9318103393032	Inf	0.598627986577692	0	0
362	362_3_14	1.491485161	9.26666666666667	HI	72.4204101650759	NaN	1.32225216901453	Inf	0.58725166094144	0	0
362	362_3_15	1.887903947	13.6333333333333	HI	62.9270877636968	1.98344804133472	6.09916357737842	Inf	0.534716330854448	0	0
367	367_1_2	1.713080784	34.3	HI	57.0685416062024	1.10049216884423	19.8655651237518	Inf	0.121436327306904	0.0998478076142937	0.00653223940419122
367	367_1_3	1.902287248	44.1333333333333	HI	53.7238488784665	1.24469746986156	9.08797018476662	Inf	0.141817242769075	0.165123176902929	0
367	367_1_4	1.646996451	24.1666666666667	HI	57.2166254724565	1.37858289672119	18.8082668905145	Inf	0.115265907188346	0.235706649999737	0.0255018543990557
367	367_1_6	NaN	1	HI	NaN	NaN	NaN	Inf	0.170837304758003	0.251379745407171	0.0121228622326209
367	367_3_2	4.309632294	31.3	HI	29.2423344913109	1.46389732453997	15.1387995108315	Inf	0.219060180808996	0.0770842612044549	0.0201608660713129
367	367_3_3	6.520125558	42.0333333333333	HI	43.1207719622025	4.74145333250751	25.7296906120285	Inf	0.270926226866136	0.0280550508383533	0
367	367_3_4	1.744425815	30.5333333333333	HI	40.8115239972445	1.16059179501311	15.0894715170835	Inf	0.241890221523694	0.0493271291322526	0
367	367_3_5	1.744425815	22.5	HI	37.2388171675892	1.58804032895699	15.8410871541951	Inf	0.407437792904013	0.0531237760820612	0
367	367_3_6	3.211503473	87.1333333333333	HI	56.7338232034081	6.89323899353161	20.2488065949378	Inf	0.153296283710092	0.0841909385478115	0
367	367_3_8	0.4040588715	63.7	HI	46.0810283676894	NaN	NaN	Inf	0.592141363954547	0	0
367	367_3_12	1.129312863	36.4333333333333	HI	39.5073019075714	1.44389472619223	15.6621272419649	Inf	0.47655584822887	0	0
367	367_3_13	1.250538353	44.2333333333333	HI	33.3613597464624	1.61807616903862	17.2297291450146	Inf	0.610509028174413	0	0
367	367_3_14	1.915036453	50.1	HI	66.8333388514754	1.31104885865386	9.09938517225653	Inf	0.424719730303028	0.0100092677566139	0
367	367_3_15	1.335433097	61.5	HI	39.6973367898173	1.33654913449894	15.651161011425	Inf	0.591149367689391	0	0
370	370_1_3	0.9900664815	23.8	HI	35.872341214328	NaN	-0.174198875166262	Inf	0.597394381034594	0	0
370	370_1_4	0.8185895307	32.1333333333333	HI	29.4357993715218	1.43041683603958	20.5635328013695	Inf	0.584820647948933	0.00332225342175508	0
370	370_1_5	0.9257715681	44	HI	29.0498488651004	1.40305219816468	16.6621919480946	Inf	0.531925519461241	0.00836842102364553	0.00856297774615462
370	370_1_6	0.8913320344	32.0666666666667	HI	28.8882187575251	1.44410578085696	19.1157858816301	Inf	0.561634770513268	0	0
370	370_2_1	4.620926565	1.16666666666667	HI	51.2081372406324	3.55405540120292	13.4287753620027	Inf	0.42920184001712	0.0253363929312589	0
370	370_2_2	0.8513324837	0.733333333333333	HI	48.4894693260512	1.45330211215466	14.3084829378219	Inf	0.505185925362309	0	0
370	370_2_3	1.148975953	28.7666666666667	HI	36.0559103698714	2.03397051290748	7.10928086858345	Inf	0.526777907627525	0	0
370	370_2_4	1.188977395	40.0666666666667	HI	38.238936886703	1.994110617227	9.61343857836555	Inf	0.399098869555977	0.113618021598074	0
370	370_3_1	1.634220632	29.2666666666667	HI	39.5181050295772	1.14685599829721	10.123441518683	Inf	0.290380852626551	0.166274546322747	0.00400503932648068
370	370_3_2	0.7306977911	26.7	HI	30.7550046829028	1.11613949455991	18.1607111820068	Inf	0.593661563616128	0	0
370	370_3_3	0.8576696369	22.0666666666667	HI	38.3803606798674	1.08691779819567	5.48499033312346	Inf	0.611528950556017	0	0
370	370_3_4	1.071390222	47.0666666666667	HI	34.5356964334499	1.48294380013157	18.0485988058416	Inf	0.589096583270293	0	0
370	370_3_5	0.7612986891	5.53333333333333	HI	38.467407917876	1.12270834108889	11.3371968359226	Inf	0.613131218488326	0	0
370	370_3_6	1.188977395	35.4666666666667	HI	36.9056035533696	2.14835100807472	11.5967288720393	Inf	0.486085919432313	0.0451546880442769	0
370	370_3_8	0.9970000454	11.4	HI	29.9456176797145	1.45812935117093	16.8595633625828	Inf	0.601622269576721	0.006524903168368	0.00193279175571595
370	370_4_1	1.683347362	22.0333333333333	HI	50.2288490698487	1.22009264107983	9.09426629390242	Inf	0.14653384365911	0.124597980032979	0
370	370_4_4	1.985653483	32.3333333333333	HI	53.3536506651931	NaN	-1.62242856194875	Inf	0.234733148775561	0.0399331143179654	0
370	370_4_8	3.326978166	33.0666666666667	HI	62.1349615136733	2.82398467024476	12.0556643755333	Inf	0.262792309066034	0	0
373	373_1_2	6.453892159	91.4666666666667	NH	18.9903434630151	3.71834742638242	42.6718005666239	Inf	0.146703762999159	0.0872174842215147	0.0348441080868348
373	373_1_3	7.530832298	68.1666666666667	NH	14.5659940375252	3.61570990585318	47.3505926782353	Inf	0.108058358319464	0.0732180403822736	0.0414662793907729
373	373_1_4	4.931475215	0.3	NH	29.0812958684993	4.87753256317148	NaN	Inf	0.0611923507664206	0.072644438245061	0.0406516752227215
373	373_1_5	NaN	0.0666666666666667	NH	NaN	NaN	NaN	Inf	0.125122309636476	0.0792315684546156	0.0255359603130848
373	373_1_6	6.102365795	0.166666666666667	NH	28.1021378025628	4.1486408068101	NaN	Inf	0.123086874237967	0.00978154346072421	0.015270969349362
373	373_1_7	3.359870257	91	NH	26.1919962745589	4.05372762592939	27.4400403942876	Inf	0.115525621449692	0.298047214342028	0.0313606558182752
373	373_2_2	NaN	11.5333333333333	NH	NaN	NaN	NaN	Inf	0.0702685610393024	0.0146680967204271	0.040743558139191
373	373_2_5	NaN	1.3	NH	NaN	NaN	NaN	Inf	0.0613536628322971	0.0264167819338158	0.0156450610137529
373	373_2_6	0.7029622121	30.8	NH	22.555601602045	1.47537993032059	24.7861409738275	Inf	0.458086818121432	0	0
373	373_2_7	1.135152159	101.633333333333	NH	25.6695234488128	1.89965774004488	28.734019192238	Inf	0.130004298916444	0.0704727675277912	0
373	373_2_10	0.8600541465	3.3	NH	21.0658755446115	2.02383599759688	NaN	Inf	0.271291907566624	0.00965671765442082	0
373	373_2_13	1.115617217	2.83333333333333	NH	34.9727615756969	2.06767716934424	NaN	Inf	0.094033964083515	0.00551272325141995	0.0073075909872982
379	379_1_5	0.4315858748	3.63333333333333	NH	22.6939160438306	1.15086892190882	NaN	Inf	0.569649158749343	0	0
379	379_1_6	0.7494330542	124.8	NH	11.9536280298341	1.91778797251201	NaN	Inf	0.348851225729218	0	0
379	379_1_7	NaN	2.8	NH	NaN	NaN	NaN	Inf	0.611532847219431	0	0
379	379_1_8	0.8271091165	80.0333333333333	NH	9.90982561865712	1.36988483414552	27.2719893560825	Inf	0.375888155452313	0	0
379	379_1_9	0.9833143338	86.5	NH	10.8633640447534	1.94137501474234	32.2838154212416	Inf	0.320910502256711	0.00599665499964828	0
379	379_2_1	NaN	38.7333333333333	NH	NaN	NaN	NaN	Inf	0.45930299589334	0.00227053790959329	0
379	379_2_2	0.8989082468	0.166666666666667	NH	40.418536411604	2.41949766610498	NaN	Inf	0.296607224145152	0.0232652416176824	0.00686925475130788
379	379_2_3	0.3603904068	94.5666666666667	NH	6.96055415050708	2.65269700060408	NaN	Inf	0.600817384057038	0	0
379	379_2_6	1.34038343	103.066666666667	NH	12.018573766004	2.61857043019707	33.1727689271149	Inf	0.112898747877255	0.260797028566534	0.0142177237699877
379	379_2_7	1.520474845	101.366666666667	NH	8.63366920556586	3.01234881601958	29.0854637057043	Inf	0.225307917780233	0.14687400038311	0
379	379_2_8	1.713990938	106.3	NH	11.3393237210949	2.47258861938747	27.8575671770886	Inf	0.236653688743388	0.108789569330214	0
379	379_2_9	9.482191427	102.433333333333	NH	26.7090459548512	5.45391058286858	29.4446350620619	Inf	0.46785142576206	0.044244602681807	0.00728816809493929
379	379_2_10	1.323395311	94.8333333333333	NH	18.5357427671473	1.7903816508635	25.6205436972662	Inf	0.102544544869825	0.219665905331755	0.0227826697788683
379	379_2_11	1.323395311	115	NH	18.0912983227029	1.89002469794661	18.1433923690075	Inf	0.299187060756491	0.0204779866556417	0
379	379_2_12	0.7681928449	71.1666666666667	NH	7.42394077833127	1.44989959992249	28.5868425444427	Inf	0.485986996397964	0	0
379	379_2_13	0.7681928449	0.0333333333333333	NH	31.6461630005535	1.59853880311189	NaN	Inf	0.496901368068556	0	0
379	379_2_14	0.3914536299	90.2333333333333	NH	10.8610968938902	1.75839193214432	NaN	Inf	0.598606291812774	0	0
379	379_3_1	NaN	76.2333333333333	NH	NaN	NaN	NaN	Inf	0.531545365277311	0	0
379	379_3_3	9.350392498	73.7333333333333	NH	22.8633283781834	4.19112736373312	35.9426980700021	Inf	0.418993161248042	0.00421058047061423	0
379	379_3_5	0.8869636541	81.1666666666667	NH	10.0489246236126	2.29251037527626	37.1888113554313	Inf	0.354544921031224	0	0
379	379_3_6	NaN	101.466666666667	NH	NaN	NaN	NaN	Inf	0.516908372817109	0	0
379	379_3_7	0.7029622121	60.8666666666667	NH	9.31744700146477	1.30558054874448	26.3013080905389	Inf	0.545688531361073	0	0
379	379_4_1	9.615016691	80.6	NH	25.629881632863	3.91058448130293	30.409121249045	Inf	0.37731478543936	0.0433016774954076	0.00972810370191922
379	379_4_2	0.7635187514	51.5333333333333	NH	5.97533282968881	1.87616771821083	29.7024798227313	Inf	0.505898712681675	0	0
321	321_2_1	5.696465604	82	NH	7.65283597007895	6.5017038851911	NaN	0	0.249006584558634	0	0
321	321_2_2	5.897453827	72.2	NH	-2.09530431213422	11.7351632279033	54.2593763670105	0	0.295800549633852	0.0239054214577529	0.0238770027424587
321	321_2_3	4.342116617	19.2666666666667	NH	0.17374898952317	10.7759225866545	54.5967222185192	0	0.236996435042922	0.0163731218440762	0
321	321_2_4	4.96319161	92.4666666666667	NH	15.1395764182253	3.98257515757728	40.8276150139466	0	0.0732849700295522	0.0371771566458325	0.00345533237877679
321	321_2_5	5.243788625	13.4666666666667	NH	6.18148618529548	9.53549378806527	NaN	0	0.128159621464074	0.00678034111479024	0.00183454924462918
321	321_2_7	4.090239729	85.3	NH	-9.69905068266025	8.34722384923796	60.0416363041503	0	0.129172190135543	0.0207477131189033	0
321	321_2_8	3.535490887	3.96666666666667	NH	12.8991282056133	5.30739668997365	44.1128901643884	0	0.210606652456784	0	0
321	321_2_12	4.144973038	102.333333333333	NH	-3.13040814966208	5.70011601470219	NaN	0	0.174818062355925	0	0
321	321_2_13	4.144973038	1.9	NH	21.3140362947824	4.51840508214276	NaN	0	0.210081539497713	0.0218847882361407	0
321	321_2_14	NaN	0.533333333333333	NH	NaN	NaN	NaN	0	0.122884215950777	0.053745926417492	0.00627042456824092
322	322_1_4	8.934560923	60.8	NH	2.22058536880325	7.03189309884986	NaN	0	0.0620346523335001	0.00170101056969871	0.0131399323480633
322	322_1_5	7.705316109	81.5666666666667	NH	1.81580927888827	10.4914259351071	NaN	0	0.129342656394605	0.0361418648864438	0.041603768649885
322	322_1_6	9.652190431	74.3333333333333	NH	16.3299151679393	4.54389415856348	NaN	0	0.00380271216953662	0.0309883636512858	0.0109902187346543
322	322_1_8	9.786329755	34.9	NH	20.1859265693054	4.50345055725887	NaN	0	0.139321960569457	0.00266406765962647	0
322	322_2_1	6.308662272	44.1666666666667	NH	-0.903020397762388	10.1885538976649	NaN	0	0.117154171398294	0.00197114897002092	0
322	322_2_2	2.864131286	41.8	NH	2.35422952081826	4.40873437201665	44.602993964511	0	0.20873995319635	0	0
322	322_3_1	4.257209676	7.6	NH	4.87141617659716	7.1393524181797	NaN	0	0.190527947464569	0.0184190319573308	0.0137657173910709
322	322_3_2	5.149289271	10.3	NH	8.86663608070904	4.51906141629419	NaN	0	0.174505437667988	0.0122328879184468	0
322	322_3_3	8.438533664	97.9333333333333	NH	19.1381510803087	4.2734893930267	44.1535982521591	0	0.0184679920024759	0.00681062338850209	0.00839141610077383
322	322_3_5	9.063076815	62.0666666666667	NH	3.20164207182779	11.1936740598294	NaN	0	0.0534486934807603	0.00185720568587914	0.00807452440385174
322	322_4_1	5.302743749	59.0333333333333	NH	6.64002410617219	7.79021951121807	NaN	0	0.0788754669844791	0	0
322	322_4_6	8.307265413	2.86666666666667	NH	25.3947726527702	4.38801488848543	NaN	0	0.08212448163321	0.0168447313414135	0.0139219333294808
322	322_4_7	7.023259975	8.33333333333333	NH	20.8077251863848	4.51780646331421	NaN	0	0.115993825770146	0.0194235180706526	0.00557128751926806
325	325_1_16	4.657330784	17.1333333333333	NH	4.73804615923981	7.71835707236069	NaN	0	0.228685563990875	0	0
325	325_1_18	3.977131455	17.1	NH	7.57098434144718	5.61535221955042	NaN	0	0.273944829305084	0.023190972866436	0.0114557382427776
338	338_1_1	6.15315009	1.86666666666667	NH	-11.3638482987935	7.95352191335953	71.454737691076	0	0.0956358469988599	0.0165620819152351	0
338	338_1_3	7.705316109	43.2	NH	34.6951181392394	3.52977976355708	25.8441387350248	0	0.138055241858193	0	0
338	338_1_4	6.685104632	23.7333333333333	NH	38.5752837813678	2.4573858016856	NaN	0	0.225097446238057	0	0
338	338_1_5	6.469354636	0.7	NH	38.856926614103	2.81138979606032	NaN	0	0.186420221494034	0	0.000302223969942124
338	338_2_1	1.996080393	40.5	NH	-14.6734817660219	3.88210056930432	NaN	0	0.186304996728066	0.00259743231577007	0
338	338_2_2	5.435697359	9.5	NH	-10.8520144482037	5.95356823229181	NaN	0	0.199046343462086	0.027529132901223	0.00247192709939351
338	338_2_3	5.495854974	76.2333333333333	NH	-0.278078927305783	11.9988670437348	NaN	0	0.0744469764959624	0.00929076973057026	0
338	338_3_1	3.816539839	58.0666666666667	NH	-15.4222030771243	4.47359827144829	NaN	0	0.153597400157443	0	0
341	341_1_1	4.309632294	84.8	NH	-11.992951249134	9.99806614001439	53.6294955987153	0	0.112021191354813	0.0374866102646909	0
341	341_1_5	4.568974493	25.1333333333333	NH	17.1157595255166	4.82241833445834	NaN	0	0.147735395397264	0	0
341	341_1_6	3.283889696	87.6	NH	-3.60970362757007	6.2614993347464	NaN	0	0.32830198722381	0	0
341	341_1_8	1.456139686	43.9	NH	5.05989539154542	4.45141896158087	NaN	0	0.220975888807304	0	0
341	341_1_9	9.991380628	9.73333333333333	NH	45.5398671987319	3.51885236538622	33.2311577231403	0	0.343481434738062	0.00913798148465494	0
341	341_1_10	0.3890989803	0.933333333333333	NH	29.8067941468292	1.52506287634531	NaN	0	0.335173808634521	0	0
341	341_1_12	3.509759167	96.4333333333333	NH	33.2749031690619	3.47475117006791	NaN	0	0.248481131211022	0	0
341	341_1_13	5.020351289	9.33333333333333	NH	29.1051902765006	3.15526827893666	NaN	0	0.210572202441247	0.00167413844608616	0
341	341_1_17	5.113514577	94.3666666666667	NH	24.0875356907011	4.90994237063329	NaN	0	0.127951977052237	0.0224817071051679	0
341	341_1_19	4.225087277	79.8666666666667	NH	7.39975724539807	4.29099061563906	NaN	0	0.161969076616648	0.0196592926596243	0
343	343_1_4	5.398813219	27	NH	14.2295434192779	6.08636378862841	NaN	0	0.0457088241498489	0.0123203076473594	0
343	343_1_5	4.602549087	23.5666666666667	NH	9.66216035131478	6.53963063054057	NaN	0	0.0616423315035355	0.0365588113593631	0
343	343_1_6	5.402310572	58.9666666666667	NH	18.6289900186279	6.42179722527277	NaN	0	0.0761279140911087	0.0570590648904736	0.0320487559632361
343	343_1_7	5.499387572	52.7333333333333	NH	19.5608241289461	5.65358095492233	NaN	0	0.0988542594789076	0.0339254737478241	0
343	343_1_9	6.631898869	53.3666666666667	NH	23.290454383924	5.17110242307708	NaN	0	0.0445477007011301	0.0333015717889273	0.0194122862344169
343	343_1_11	7.363506657	13.8333333333333	NH	20.1468848495675	5.10584581340265	NaN	0	0.0615860661285464	0.025782899819116	0
346	346_1_3	4.290964766	68.4333333333333	NH	14.315050889622	6.48893877047661	NaN	0	0.0177260570843325	0.0368817134016899	0.0218568202365661
346	346_1_4	5.207644796	92.8666666666667	NH	19.0408174481133	5.68665612862071	NaN	0	0.0860647007982172	0.0014584927994595	0
346	346_1_8	3.740937317	91.3666666666667	NH	24.9268198337322	3.01764008434659	NaN	0	0.139484098613628	0.0170257716313714	0
347	347_1_2	5.306205922	104.133333333333	NH	26.4159525044748	5.3794616251429	34.2973701306928	0	0.104181277529591	0.0097332739562244	0
347	347_1_3	5.116906584	92.1333333333333	NH	28.378927577275	9.07480275303016	39.4205958604377	0	0.182360084481453	0.0298604562314828	0.0142708998270055
347	347_2_1	5.893779628	1.06666666666667	NH	35.9409373614717	2.77378425899669	27.9368997627587	0	0.117760045499359	0.0112499462499231	0.0074424090436189
347	347_2_2	7.069308903	5	NH	41.665696757195	3.88532396004179	32.8993639567804	0	0.0283645242698523	0.00387797514689913	0.0255709308931215
347	347_2_3	6.202516313	11.4	NH	34.2926066427383	6.10252041312959	31.9007388666578	0	0.111582968836637	0.0011124231104896	0
347	347_2_6	3.591779023	72.2333333333333	NH	15.6779622591108	2.17084366098174	NaN	0	0.175457365161536	0.0264397449824339	0
347	347_2_9	4.062282195	75.8	NH	-0.9053304076506	8.91707758411635	NaN	0	0.120969491190476	0	0.00892728123073022
347	347_3_2	4.572157594	127.033333333333	NH	10.3389939420352	4.6852454283541	NaN	0	0.156776646408168	0.0120310929656885	0
347	347_3_6	3.142609215	75.0333333333333	NH	8.30697624228608	6.1331710192377	NaN	0	0.177632629494844	0.025876617341102	0.00329632150832847
347	347_3_7	3.611934114	84.4333333333333	NH	15.2557684907237	3.22006341807116	NaN	0	0.0685388516758375	0.034881109558853	0
347	347_4_1	2.933994151	8.4	NH	20.2618735411633	2.47032137838608	NaN	0	0.176280719557458	0.023701429266275	0
347	347_4_3	3.002753236	3.73333333333333	NH	22.6165300814018	2.21158260428718	NaN	0	0.109796200585206	0.0276883906851576	0
347	347_4_4	3.819864924	34.5	NH	14.1585150289646	3.6672814906816	NaN	0	0.187516926104485	0.00896281102844386	0
347	347_4_5	3.286942067	0.8	NH	37.7446047955005	2.24825762356392	NaN	0	0.0585755500881278	0.0173009795474069	0.0301424213254943
347	347_4_7	3.21451726	67.3666666666667	NH	8.19632054594341	5.15389773285876	NaN	0	0.116330117999785	0.00613128964537769	0.0109435162814142
354	354_1_3	1.733324597	81.2333333333333	NH	23.1398082509345	2.27509040473008	NaN	0	0	0.110507336768857	0.00260876615081415
354	354_1_4	2.340103181	72.3	NH	30.6368157101809	2.734322023126	NaN	0	0.0340133113017892	0.117673582602538	0.0454425695887575
354	354_1_6	2.716035787	17.0666666666667	NH	32.5719062262339	4.01086658406418	27.6533738892719	0	0.018445807535501	0.0539693636986532	0.042240983212354
354	354_1_7	1.634220632	12.5	NH	28.5124533962477	2.32756645233068	NaN	0	0	0.0894661297205911	0
354	354_1_9	2.524044	75.2333333333333	NH	36.9089630522201	4.9107319448037	NaN	0	0.0158603211183414	0.0409720363584719	0.036190506499295
355	355_1_1	5.40285878	88.3333333333333	NH	-12.723751757376	6.9037774690085	74.1610428008634	0	0.0411074607664583	0.0576633176193055	0
355	355_2_1	7.07337742	28.0666666666667	NH	23.3000873129263	5.22996789275318	NaN	0	0.0835922003207213	0.0339796495172964	0.0225223926906529
355	355_2_3	5.499387572	68.3	NH	-10.3789640452586	6.85360507521729	73.0485503895871	0	0.0220188742932739	0.0490297917481456	0
355	355_2_5	6.631898869	55.1666666666667	NH	19.2761678983667	5.49530531877276	55.8650603165189	0	0.0527617612980316	0.03087199706515	0
355	355_2_6	5.696465604	1.46666666666667	NH	14.3437771531678	6.46876699402219	NaN	0	0.0462826632239128	0.0394872248923296	0.0263489669144368
355	355_2_8	6.740776098	67.0333333333333	NH	26.9066175338693	8.41684174969375	NaN	0	0.0151060425290564	0.0156065571787123	0.0354890461118677
355	355_2_10	6.311214819	30.2	NH	3.55276703822257	6.11232870798585	NaN	0	0.122191538750806	0.0427425501882822	0.0408596350670759
355	355_3_1	0.7769109151	62.2666666666667	NH	12.9496065192052	2.18851650725837	37.3959820910121	0	0.200061216943485	0	0
355	355_3_4	4.602549087	69.2666666666667	NH	-2.56650645141808	13.2900928634001	NaN	0	0.0135822071151692	0.0143245590057118	0.0030766445830467
355	355_3_7	3.927048211	64.7	NH	0.701515592081154	8.7125243071781	NaN	0	0.137004119288573	0.0689271232020128	0.0336982039150999
355	355_3_8	4.257209676	18.5666666666667	NH	-7.87255761523078	11.227264214978	NaN	0	0.0313226875377905	0.0139673352234788	0.00719069912075517
355	355_3_9	4.427974193	32.5333333333333	NH	-4.40322442363342	7.42558576867262	NaN	0	0.0843762727915533	0.0592628636140732	0.0808978962548955
355	355_4_1	5.932526157	50.7666666666667	NH	8.88614204841107	5.71780548521759	53.3901421147058	0	0.036008536636664	0.0259374761969353	0.00999458622137633
355	355_4_3	4.257209676	9	NH	9.34966460699144	8.61961961439245	NaN	0	0.0790847127491806	0.0359249582683046	0.0253177293044993
355	355_4_5	3.459977433	56.2666666666667	NH	5.65520392160575	7.61670845868568	NaN	0	0.0467824034104006	0.0667512088540957	0.00359831049179993
355	355_4_8	2.198762385	79.8	NH	35.1705479152972	3.47719887533653	NaN	0	0.0432683797587889	0.0907081742251513	0.0178895040076493
355	355_4_10	2.877605159	86.4	NH	31.3165502260802	2.44061940719428	20.6506776132922	0	0.0576562563971962	0.0234117483621964	0.00963451264701873
355	355_4_12	3.084349458	47.8666666666667	NH	7.97274587892364	9.03036979211112	NaN	0	0.0499874714000194	0.109404272776913	0.0258735064615214
355	355_4_14	3.084349458	63.2	NH	19.5283014344792	6.54280261725619	NaN	0	0.131589533518086	0.111784939524266	0.0390134498959117
355	355_5_2	7.414965493	41.7666666666667	NH	24.8424179170995	5.0399547407751	NaN	0	0.103351663547482	0.0135890626252452	0
355	355_5_6	1.052527707	81.9	NH	34.0500443104078	1.63067769614848	13.6217151487179	0	0.126578817287607	0.0348585836878578	0
355	355_5_8	1.133797439	63.4666666666667	NH	19.7900847349669	2.85136118458868	NaN	0	0.0631544654114804	0.0541129457503177	0.00610923250730526
355	355_6_1	5.402310572	52.4666666666667	NH	48.8348544372492	11.1132168180399	NaN	0	0.0760689847544266	0.0509023972790614	0.0657680908826061
355	355_6_3	1.379115193	69.3666666666667	NH	29.728816783385	6.42480071665656	NaN	0	0.0335932931550486	0.021622005969673	0.00289033019885666
355	355_6_4	1.658721421	72.3333333333333	NH	40.1707541145185	5.87233158248321	35.1033608586196	0	0.0349532553230924	0.0420325163091889	0.00371819606957626
358	358_1_2	3.254048792	22.7333333333333	HI	41.2643296582036	3.41695589278021	12.2803069111802	0	0.0695050620668001	0.0252769680805878	0.0254430321988795
358	358_2_3	7.478924993	61.2	HI	34.8174248805296	3.05830704935951	25.5718205723156	0	0.30422085135161	0	0
358	358_2_5	1.129312863	20.2666666666667	HI	49.5155374985553	1.09846401347784	8.47561301179536	0	0.309959944073825	0	0
358	358_2_6	0.8744338082	43.5	HI	36.1766978750083	1.17476343932215	9.90015476641259	0	0.377964407293222	0.00353619015600259	0.00436766303023248
358	358_2_7	1.610017957	43.1	HI	60.7033629118713	1.07801067130734	7.53839694606234	0	0.259805274150389	0	0
358	358_2_8	1.468967189	23.7666666666667	HI	56.4133011065143	1.28789522791274	14.2214711029331	0	0.232714025324952	0	0
358	358_3_1	3.604231056	58.8	HI	58.2560419981613	2.87900936740108	7.42965699805195	0	0.316423283338226	0	0
358	358_3_2	NaN	54.9	HI	NaN	NaN	NaN	0	0.294870659006677	0.00117177761944804	3.24445652970379e-05
358	358_3_4	4.691270275	3.43333333333333	HI	44.9601017211033	3.10584586289982	14.1546190712162	0	0.304194724785277	0	0
358	358_3_6	1.094371421	45.4333333333333	HI	47.1716036512355	0.940695602906441	3.95284085480309	0	0.296665513187161	0	0
358	358_4_2	NaN	15.2333333333333	HI	NaN	NaN	NaN	0	0.186471799763322	0	0
358	358_5_2	2.040634161	44.6333333333333	HI	54.3651985418696	0.993959389814545	0.378459972155596	0	0.183034297205694	0	0.00612588727867075
360	360_1_2	1.825911607	51.5	HI	41.0026080512516	2.28837818897822	17.3378576219865	0	0.153631275634064	0.0538483588728903	0
360	360_2_2	3.767618626	59.7	HI	40.9122336583402	3.53678981685109	16.9283929890805	0	0.132400055103791	0.0183411826791446	0.00713261805530008
360	360_3_2	1.56691828	68.1	HI	43.9507736723471	1.7214864392303	23.91415387395	0	0.196829949170086	0.00891747150973241	0.00542077954199345
360	360_4_1	1.411125882	6.03333333333333	HI	66.6209876066582	1.23549587816338	13.8444541431789	0	0.20273116499348	0	0
360	360_4_2	1.411125882	36.9666666666667	HI	49.5098764955471	1.32183534918956	12.8869369093117	0	0.191120758096999	0	0
360	360_4_4	1.366847073	24.7666666666667	HI	43.7646934524758	3.06841349191894	22.4637356772523	0	0.135430245950039	0.0276412843008325	0.00401880075894627
360	360_4_5	1.456235365	18.1	HI	64.5371300127787	1.06441423542139	1.92948725553178	0	0.2957932447605	0	0
360	360_4_6	1.456235365	28.1666666666667	HI	62.0926855683343	1.073751092199	9.13310343785368	0	0.178229327261325	0	0.00277845047205311
360	360_4_7	1.366847073	31.5333333333333	HI	51.3202490080313	1.16445403381899	12.3762330666805	0	0.142708713256606	0.0141434687205892	0
360	360_4_10	1.696345465	41.3333333333333	HI	56.1820846274937	1.06307692547307	13.776627715918	0	0.112517267510125	0.030898533921854	0.0169935829968331
360	360_5_3	1.456235365	27.9	HI	62.7593522350009	1.16330219793763	5.4828496004374	0	0.08222082577814	0.0183559020410965	0.0087280384533988
360	360_5_4	0.9335208735	57.4666666666667	HI	62.3961259810743	1.36951928046709	21.2859422066656	0	0.131182372596202	0.0364863304237654	0.00264614171003437
360	360_5_5	1.157784005	36.5	HI	61.2665720514845	1.41227040779252	NaN	0	0.130336677143952	0.0190483368086853	0.0150796029733015
360	360_5_6	1.366847073	31.6	HI	68.6535823413647	0.984113615942019	7.653791208562	0	0.244299168578536	0.00433647208549993	0
360	360_5_7	1.197965106	11.2333333333333	HI	64.40152599077	1.30092754471452	NaN	0	0.111394358868414	0.017105146374173	0
360	360_5_8	1.157784005	26.6	HI	59.4887942737067	2.33768724926525	19.3861650206185	0	0.220096801711083	0.00367234214040571	0
360	360_5_9	1.238958112	54.6333333333333	HI	56.7110893382059	1.79368134976975	30.968931103901	0	0.0399708271441878	0.0282170256975343	0.00731010811587534
360	360_6_1	1.238958112	47.3333333333333	HI	68.2666448937614	1.06160013805082	7.2794915221907	0	0.24639788195381	0	0
360	360_6_2	NaN	36.1333333333333	HI	NaN	NaN	NaN	0	0.295860440248775	0	0
360	360_6_3	1.335433097	28.1333333333333	HI	60.4934174349874	1.57332481557647	19.2543756791233	0	0.163189414470718	0.0418384151561206	0
360	360_7_2	1.335433097	44.9333333333333	HI	67.8267507683207	1.02721814149975	4.32574602439055	0	0.227891060848375	0	0
360	360_8_3	2.355831896	93.1333333333333	HI	70.9256593295307	1.2931362808646	14.7243604824903	0	0.0113906897224746	0.0412677736598052	0.00301931639703401
361	361_1_1	6.911842149	104.733333333333	HI	61.6088061896245	2.34483441777873	7.2312543081439	0	0.208555311126343	0.0173046660520244	0
361	361_1_2	6.369666559	1.06666666666667	HI	74.5374595922466	2.0339276577002	21.2871442282755	0	0.185377549603089	0.0674599941577137	0
361	361_1_5	3.326978166	50.8333333333333	HI	50.089561813159	3.25587409854266	3.78021105431686	0	0.0338010609840846	0.116111738263049	0.0101282477322952
361	361_1_7	3.09627822	28.2666666666667	HI	62.384806961368	1.90049185616099	-4.32795268002138	0	0.142735378842161	0.0289381864230227	0
361	361_1_8	3.535490887	70.6333333333333	HI	60.4620743428452	2.51392199335057	9.92568397081404	0	0.0496226881218318	0.0717231611684522	0
361	361_1_10	3.054101812	1.73333333333333	HI	78.7667622214617	1.54637479595558	0.137427922975419	0	0.0815323911993797	0.0867025950162027	0.0104826065182279
361	361_1_11	3.195713706	37.0666666666667	HI	58.7646703336535	2.21440195643109	2.37782408072594	0	0.0455847694631365	0.0655898195743673	0.025473205449297
361	361_1_12	2.933994151	16.6666666666667	HI	67.1164956774679	2.63914003575101	4.00665411895882	0	0.0885715316693935	0.0316734427686596	0
361	361_1_13	2.866145519	3.8	HI	74.9566571155146	1.62006868981811	-9.62313555793931	0	0.0732472469172857	0.0463314759154367	0
361	361_1_14	3.21451726	6.93333333333333	HI	66.2808300079148	2.53454161994191	5.911696143556	0	0.109271060918413	0.0816801420061893	0.0194467402182088
361	361_1_16	3.585886603	1.1	HI	77.0689600367381	3.22718949224623	24.5786220200387	0	0.0585471566989614	0.0386491954324316	0.0359545562867075
361	361_1_18	3.002753236	4.23333333333333	HI	75.7537570710913	2.02116572468944	2.95088904944362	0	0.120505452414218	0.0812339284315732	0
361	361_1_20	3.360289139	6.3	HI	73.9682836038744	2.33465668523857	15.4175995345988	0	0.139384283817032	0.0527676346571844	0
361	361_1_21	3.072425193	20.3	HI	60.1824654276997	2.68247220147767	6.49424278427591	0	0.0356923317956256	0.0206100179939795	0
361	361_2_1	5.306748616	49.4666666666667	HI	49.1661247555308	4.1793090288954	32.8019179546094	0	0.168672446223394	0.00155178306707653	0
361	361_2_3	5.597997935	9.8	HI	82.9059673713898	2.42654294312658	-5.28364691155031	0	0.203198469303653	0.0442345299853888	0
361	361_2_5	1.797600809	13.9	HI	82.2704273305835	NaN	-17.6401038345293	0	0.315785145626159	0	0
361	361_2_6	1.598495508	34.7	HI	78.4652569664462	2.33341796757759	-7.36159528265655	0	0.341602726484969	0	0
361	361_2_7	2.010429716	21.9333333333333	HI	80.2768814998138	4.68024627019541	-3.14555129746635	0	0.199301412794942	0.0194821113907677	0.00579965234974252
361	361_2_8	2.296063152	15.1	HI	75.749872867902	1.84049592949925	11.7787653162433	0	0.0778883399948479	0.0842090660059378	0.005897005113554
361	361_2_9	1.955924949	23.7333333333333	HI	83.7442842838124	NaN	-10.2564355590429	0	0.313474232706202	0	0
362	362_1_2	5.302743749	36.8333333333333	HI	32.6203945117002	9.1642638268297	26.2743723433748	0	0.243741267102486	0	0
362	362_1_3	6.098620429	76.3666666666667	HI	22.7746115406906	11.6066167438457	33.7670687297029	0	0.226963859192293	0	0
362	362_1_4	5.398813219	23.8	HI	20.2855317226275	10.3898437240063	40.3562649458135	0	0.241828783908608	0	0
362	362_2_1	6.911842149	26.4666666666667	HI	60.6129546633215	1.04383527126388	2.38783333390583	0	0.195680227459561	0.0484077275885758	0
362	362_2_3	2.971520222	13.0666666666667	HI	55.3130206581352	2.1938505851069	11.4889906901414	0	0.158620703788934	0	0
362	362_3_3	3.943846685	9.16666666666667	HI	73.8173436365651	2.11164000382224	-8.42592805699225	0	0.166724341215339	0.0322518286583367	0
362	362_3_4	2.040634161	42.2	HI	39.8786620685596	2.75225509621953	16.0700679415039	0	0.205013105448051	0	0
362	362_3_6	1.141432781	0.2	HI	70.1545392130696	1.76218173166764	15.5657427602381	0	0.333731551595314	0	0
362	362_3_8	1.985653483	28.7666666666667	HI	55.7122172250535	2.10878974717785	6.87968498532804	0	0.306707811466554	0	0
362	362_3_9	1.437512928	0.166666666666667	HI	77.6547897426777	1.25605527903117	12.023719741413	0	0.332568864796722	0	0
362	362_3_10	1.538072683	2.3	HI	65.80610638638	1.68936843780273	14.720450985083	0	0.297938401378333	0	0
362	362_3_11	1.995576807	8.13333333333333	HI	55.7077989498365	1.70820295446442	16.1994054539809	0	0.334228826691474	0	0
362	362_3_13	1.899885076	44.4666666666667	HI	56.4624596189086	1.13500190961834	11.9318103393032	0	0.297342875928161	0	0
367	367_1_2	1.713080784	34.3	HI	57.0685416062024	1.10049216884423	19.8655651237518	0	0.0775221544480555	0.0933827794143991	0.0117583842809341
367	367_1_3	1.902287248	44.1333333333333	HI	53.7238488784665	1.24469746986156	9.08797018476662	0	0.0704138171491936	0.0491735913535152	0.0082496173522432
367	367_3_2	4.309632294	31.3	HI	29.2423344913109	1.46389732453997	15.1387995108315	0	0.0416475843498038	0.0268009981257324	0.011392254416871
367	367_3_4	1.744425815	30.5333333333333	HI	40.8115239972445	1.16059179501311	15.0894715170835	0	0.071820408077443	0.0263715420897764	0.0195976179824712
367	367_3_5	1.744425815	22.5	HI	37.2388171675892	1.58804032895699	15.8410871541951	0	0.134688995216846	0.0332126770229493	0.0169537478254181
367	367_3_6	3.211503473	87.1333333333333	HI	56.7338232034081	6.89323899353161	20.2488065949378	0	0.0944706686423935	0.0796307180517236	0.0510047177753499
367	367_3_8	0.4040588715	63.7	HI	46.0810283676894	NaN	NaN	0	0.21334129502208	0	0
367	367_3_12	1.129312863	36.4333333333333	HI	39.5073019075714	1.44389472619223	15.6621272419649	0	0.22170749954614	0	0
367	367_3_13	1.250538353	44.2333333333333	HI	33.3613597464624	1.61807616903862	17.2297291450146	0	0.272511976998021	0	0
370	370_1_4	0.8185895307	32.1333333333333	HI	29.4357993715218	1.43041683603958	20.5635328013695	0	0.340135577707094	0.0249238242063698	0.00733088687720181
370	370_1_6	0.8913320344	32.0666666666667	HI	28.8882187575251	1.44410578085696	19.1157858816301	0	0.333779599190573	0.0105213388050122	0.00630326712188974
370	370_2_1	4.620926565	1.16666666666667	HI	51.2081372406324	3.55405540120292	13.4287753620027	0	0.307458790345159	0.0214922611132282	0
370	370_2_2	0.8513324837	0.733333333333333	HI	48.4894693260512	1.45330211215466	14.3084829378219	0	0.348251877989053	0	0
370	370_2_4	1.188977395	40.0666666666667	HI	38.238936886703	1.994110617227	9.61343857836555	0	0.0581883033024137	0.04888043406539	0
370	370_3_2	0.7306977911	26.7	HI	30.7550046829028	1.11613949455991	18.1607111820068	0	0.337890162444066	0	0
370	370_3_3	0.8576696369	22.0666666666667	HI	38.3803606798674	1.08691779819567	5.48499033312346	0	0.316022820446558	0	0
370	370_3_4	1.071390222	47.0666666666667	HI	34.5356964334499	1.48294380013157	18.0485988058416	0	0.255988887568064	0.00350186051826698	0
370	370_3_5	0.7612986891	5.53333333333333	HI	38.467407917876	1.12270834108889	11.3371968359226	0	0.34180476236234	0	0
370	370_3_6	1.188977395	35.4666666666667	HI	36.9056035533696	2.14835100807472	11.5967288720393	0	0.11417156398198	0.0776946078281284	0.0154923574613001
370	370_4_1	1.683347362	22.0333333333333	HI	50.2288490698487	1.22009264107983	9.09426629390242	0	0.191288005366215	0.0508131247572468	0
370	370_4_8	3.326978166	33.0666666666667	HI	62.1349615136733	2.82398467024476	12.0556643755333	0	0.228878235818571	0.0567080032735967	0.0299297565794195
373	373_1_2	6.453892159	91.4666666666667	NH	18.9903434630151	3.71834742638242	42.6718005666239	0	0.109787675996008	0.0516028384867277	0.0532657430901215
373	373_1_3	7.530832298	68.1666666666667	NH	14.5659940375252	3.61570990585318	47.3505926782353	0	0.0864573634828995	0.0498169375633335	0.0201476701269118
373	373_1_6	6.102365795	0.166666666666667	NH	28.1021378025628	4.1486408068101	NaN	0	0.0205208932565341	0.0271214548869415	0.0179776047394874
373	373_1_7	3.359870257	91	NH	26.1919962745589	4.05372762592939	27.4400403942876	0	0.0534055802899418	0.142722997622624	0.0226170505287695
373	373_2_2	NaN	11.5333333333333	NH	NaN	NaN	NaN	0	0.0474110253522153	0.0407266295124068	0.0294363717673116
373	373_2_5	NaN	1.3	NH	NaN	NaN	NaN	0	0.0275765426896756	0.0680110322440103	0.0328581477869813
373	373_2_6	0.7029622121	30.8	NH	22.555601602045	1.47537993032059	24.7861409738275	0	0.237426230376006	0	0
373	373_2_10	0.8600541465	3.3	NH	21.0658755446115	2.02383599759688	NaN	0	0.137062024369217	0.0025242933076787	0
379	379_1_5	0.4315858748	3.63333333333333	NH	22.6939160438306	1.15086892190882	NaN	0	0.292989531038313	0	0
379	379_1_6	0.7494330542	124.8	NH	11.9536280298341	1.91778797251201	NaN	0	0.223826353080182	0	0
379	379_1_7	NaN	2.8	NH	NaN	NaN	NaN	0	0.458150184339485	0.0001700408234727	0
379	379_1_8	0.8271091165	80.0333333333333	NH	9.90982561865712	1.36988483414552	27.2719893560825	0	0.280786504455009	0	0
379	379_1_9	0.9833143338	86.5	NH	10.8633640447534	1.94137501474234	32.2838154212416	0	0.232632522251085	0.012921803260708	0
379	379_2_2	0.8989082468	0.166666666666667	NH	40.418536411604	2.41949766610498	NaN	0	0.13234714696856	0.0283173721281913	0.00726530327914817
379	379_2_6	1.34038343	103.066666666667	NH	12.018573766004	2.61857043019707	33.1727689271149	0	0.0665351113024999	0.0211565509291834	0
379	379_2_7	1.520474845	101.366666666667	NH	8.63366920556586	3.01234881601958	29.0854637057043	0	0.106630743563896	0.0492287608195381	0
379	379_2_8	1.713990938	106.3	NH	11.3393237210949	2.47258861938747	27.8575671770886	0	0.116114037969434	0.0670379159027313	0
379	379_2_9	9.482191427	102.433333333333	NH	26.7090459548512	5.45391058286858	29.4446350620619	0	0.342797400014814	0	0
379	379_2_11	1.323395311	115	NH	18.0912983227029	1.89002469794661	18.1433923690075	0	0.2138602320267	0	0
379	379_2_12	0.7681928449	71.1666666666667	NH	7.42394077833127	1.44989959992249	28.5868425444427	0	0.336697356085214	0.00683884154996754	0.000697295455481889
379	379_2_13	0.7681928449	0.0333333333333333	NH	31.6461630005535	1.59853880311189	NaN	0	0.312912179846651	0	0
379	379_2_14	0.3914536299	90.2333333333333	NH	10.8610968938902	1.75839193214432	NaN	0	0.294624847817379	0	0
379	379_3_1	NaN	76.2333333333333	NH	NaN	NaN	NaN	0	0.212631885983391	0	0
379	379_3_3	9.350392498	73.7333333333333	NH	22.8633283781834	4.19112736373312	35.9426980700021	0	0.27259978202	0	0
379	379_3_5	0.8869636541	81.1666666666667	NH	10.0489246236126	2.29251037527626	37.1888113554313	0	0.198780307759367	0.00459631289005122	0
379	379_3_7	0.7029622121	60.8666666666667	NH	9.31744700146477	1.30558054874448	26.3013080905389	0	0.254734673019649	0	0
379	379_4_2	0.7635187514	51.5333333333333	NH	5.97533282968881	1.87616771821083	29.7024798227313	0	0.286128709131575	0.0144634855418155	0
321	321_2_1	5.696465604	82	NH	7.65283597007895	6.5017038851911	NaN	-5	0.131974599608774	0.00691269119879533	0.00475590242075275
321	321_2_2	5.897453827	72.2	NH	-2.09530431213422	11.7351632279033	54.2593763670105	-5	0.160967213206194	0	0.000437048189324205
321	321_2_3	4.342116617	19.2666666666667	NH	0.17374898952317	10.7759225866545	54.5967222185192	-5	0.154032604287901	0	0
321	321_2_4	4.96319161	92.4666666666667	NH	15.1395764182253	3.98257515757728	40.8276150139466	-5	0.0469989923901681	0.0172467988590988	0.00261308075586981
321	321_2_5	5.243788625	13.4666666666667	NH	6.18148618529548	9.53549378806527	NaN	-5	0.120993556671903	0.000240508970802397	0
321	321_2_6	5.243788625	13.0333333333333	NH	18.8481528519621	4.37743576993201	39.8070167536565	-5	0.167452727286618	0.0263185900216426	0.00547336206148862
321	321_2_8	3.535490887	3.96666666666667	NH	12.8991282056133	5.30739668997365	44.1128901643884	-5	0.128155376648636	0.028815893031597	0
321	321_2_12	4.144973038	102.333333333333	NH	-3.13040814966208	5.70011601470219	NaN	-5	0.161875760810654	0.0182347334880641	0.0237409769803235
321	321_2_13	4.144973038	1.9	NH	21.3140362947824	4.51840508214276	NaN	-5	0.151284966456764	0.00704778436401327	0.0105262773038331
322	322_1_2	3.475609728	4.9	NH	8.79882383137334	5.09470889983411	52.7839281308402	-5	0.14735085256776	0.0200650303287048	0.00569652742230552
322	322_1_4	8.934560923	60.8	NH	2.22058536880325	7.03189309884986	NaN	-5	0.110857578414242	0	0
322	322_1_5	7.705316109	81.5666666666667	NH	1.81580927888827	10.4914259351071	NaN	-5	0.150396582270596	0.0115652319226626	0
322	322_1_6	9.652190431	74.3333333333333	NH	16.3299151679393	4.54389415856348	NaN	-5	0.0517352885798477	0.00485138548236583	0.010260278404772
322	322_1_8	9.786329755	34.9	NH	20.1859265693054	4.50345055725887	NaN	-5	0.0803993725879771	0.013903687313152	0.00355536793800274
322	322_2_1	6.308662272	44.1666666666667	NH	-0.903020397762388	10.1885538976649	NaN	-5	0.264189449615396	0.0173924096308234	0.0208618670598727
322	322_3_1	4.257209676	7.6	NH	4.87141617659716	7.1393524181797	NaN	-5	0.201963523354766	0.0107362591291394	0.0141547133875085
322	322_3_2	5.149289271	10.3	NH	8.86663608070904	4.51906141629419	NaN	-5	0.16499292843155	0.00383733363849439	0
322	322_3_5	9.063076815	62.0666666666667	NH	3.20164207182779	11.1936740598294	NaN	-5	0.099084987092419	0.00366168544790905	0.000266594227111276
322	322_4_1	5.302743749	59.0333333333333	NH	6.64002410617219	7.79021951121807	NaN	-5	0.12762434001791	0	0.00702464313843864
322	322_4_4	6.576733872	70.9666666666667	NH	13.5265079037037	5.9736717572697	NaN	-5	0.0185280059309943	0.0124224530936778	0.0242160780652799
322	322_4_6	8.307265413	2.86666666666667	NH	25.3947726527702	4.38801488848543	NaN	-5	0.125367230984894	0.0169669575892757	0
322	322_4_7	7.023259975	8.33333333333333	NH	20.8077251863848	4.51780646331421	NaN	-5	0.117168582936443	0.00763512683107704	0.00452751071662344
325	325_1_15	4.657330784	21.1666666666667	NH	17.4047128259065	4.39328732225328	NaN	-5	0.220546688652355	0.0213391356916326	0.0155474107295672
325	325_1_16	4.657330784	17.1333333333333	NH	4.73804615923981	7.71835707236069	NaN	-5	0.242917967324692	0	0
325	325_1_18	3.977131455	17.1	NH	7.57098434144718	5.61535221955042	NaN	-5	0.125306860602908	0.00934853984961988	0
325	325_1_19	3.816539839	25.0333333333333	NH	8.69729724758476	4.52606094538542	NaN	-5	0.148876625740793	0.00493274739551271	0
325	325_2_6	2.931133715	97.1666666666667	NH	6.27625998580465	5.12738356650925	NaN	-5	0.0831311760721902	0.0357939612363653	0.0466261906736841
338	338_1_1	6.15315009	1.86666666666667	NH	-11.3638482987935	7.95352191335953	71.454737691076	-5	0.130719134050618	0.0163802117685584	0.00705215747011215
338	338_1_3	7.705316109	43.2	NH	34.6951181392394	3.52977976355708	25.8441387350248	-5	0.10432430775015	0	0.00068453456303489
338	338_1_4	6.685104632	23.7333333333333	NH	38.5752837813678	2.4573858016856	NaN	-5	0.16772701895618	0	0
338	338_1_5	6.469354636	0.7	NH	38.856926614103	2.81138979606032	NaN	-5	0.158201301700633	0.00682966296996041	0
338	338_2_1	1.996080393	40.5	NH	-14.6734817660219	3.88210056930432	NaN	-5	0.104989875755085	0.00947218424172183	0
338	338_3_1	3.816539839	58.0666666666667	NH	-15.4222030771243	4.47359827144829	NaN	-5	0.0895679090096008	0.0133921217509302	0
338	338_3_2	1.644947748	77.8333333333333	NH	2.7990627620301	5.10289899846736	NaN	-5	0.0938275944057422	0.0109682749277101	0
338	338_3_3	1.627583876	78.1333333333333	NH	25.0427241606469	2.69082649685886	NaN	-5	0.103232919129854	0	0.00209497626876508
338	338_4_1	3.977131455	0.6	NH	51.4620582464228	2.06610302627897	NaN	-5	0.0551622481502009	0.0173747465616209	0.0106550508918945
341	341_1_1	4.309632294	84.8	NH	-11.992951249134	9.99806614001439	53.6294955987153	-5	0.0821783919608123	0.0364500233303245	0
341	341_1_5	4.568974493	25.1333333333333	NH	17.1157595255166	4.82241833445834	NaN	-5	0.115459416452685	0.0400315755469207	0.00705062069402968
341	341_1_6	3.283889696	87.6	NH	-3.60970362757007	6.2614993347464	NaN	-5	0.271969974571835	0.0342026730655966	0
341	341_1_8	1.456139686	43.9	NH	5.05989539154542	4.45141896158087	NaN	-5	0.0961384216650812	0.00586359617956089	0.00730773592836683
341	341_1_9	9.991380628	9.73333333333333	NH	45.5398671987319	3.51885236538622	33.2311577231403	-5	0.224691748853366	0.00931569755322802	0
341	341_1_10	0.3890989803	0.933333333333333	NH	29.8067941468292	1.52506287634531	NaN	-5	0.240703114903081	0	0
341	341_1_12	3.509759167	96.4333333333333	NH	33.2749031690619	3.47475117006791	NaN	-5	0.173871322417951	0	0
341	341_1_13	5.020351289	9.33333333333333	NH	29.1051902765006	3.15526827893666	NaN	-5	0.167361298808548	0.0122805681792919	0.00578721053690993
341	341_1_14	1.900059238	88.4	NH	29.8289882021333	2.21978091722533	22.2625738198796	-5	0.0555079114542997	0.0445611966835436	0.00143689914274668
341	341_1_17	5.113514577	94.3666666666667	NH	24.0875356907011	4.90994237063329	NaN	-5	0.047031778830313	0.0150375604520734	0
341	341_1_18	3.659698553	79.8333333333333	NH	20.0870519345621	3.62613640719271	NaN	-5	0.064718270029811	0.0413344112500602	0.00665054161545983
341	341_1_19	4.225087277	79.8666666666667	NH	7.39975724539807	4.29099061563906	NaN	-5	0.069493710153012	0.0168486965353982	0.0114562638668859
343	343_1_3	5.398813219	36.1666666666667	NH	16.0073211970556	5.88431863267929	NaN	-5	0.0201783630926144	0.016829997825169	0.00266430009083689
343	343_1_4	5.398813219	27	NH	14.2295434192779	6.08636378862841	NaN	-5	0.0439703072957593	0.0203727705095874	0.0207117377139789
343	343_1_6	5.402310572	58.9666666666667	NH	18.6289900186279	6.42179722527277	NaN	-5	0.0580291342187167	0.0151499798634164	0
343	343_1_7	5.499387572	52.7333333333333	NH	19.5608241289461	5.65358095492233	NaN	-5	0.0361522032795712	0.0268304430360587	0.00950495595218985
343	343_1_9	6.631898869	53.3666666666667	NH	23.290454383924	5.17110242307708	NaN	-5	0.0164819891869981	0.00934370150576865	0.0067795527266082
343	343_1_10	6.740776098	27.9	NH	22.9772467579878	5.11546231909294	NaN	-5	0.00239758296742742	0.00229990615444331	0.0173485300522757
343	343_1_11	7.363506657	13.8333333333333	NH	20.1468848495675	5.10584581340265	NaN	-5	0.0376112116519198	0	0
346	346_1_2	11.2592202	25.6333333333333	NH	41.072181762647	3.689610428704	NaN	-5	0.0594022366920291	0.00099462241629189	0.0111116175394932
346	346_1_4	5.207644796	92.8666666666667	NH	19.0408174481133	5.68665612862071	NaN	-5	0.0221629462111498	0.0264593597490035	0.00371963823874207
346	346_1_8	3.740937317	91.3666666666667	NH	24.9268198337322	3.01764008434659	NaN	-5	0.0287114270251668	0.0188425320642239	0.00696216157949171
346	346_1_9	3.740937317	32.8666666666667	NH	35.1490420559544	2.88469040610976	NaN	-5	0.0442340188469727	0.0190159650013262	0.0156269728006694
347	347_1_2	5.306205922	104.133333333333	NH	26.4159525044748	5.3794616251429	34.2973701306928	-5	0.0575819225978148	0.0194868943217005	0.0205775970661619
347	347_1_3	5.116906584	92.1333333333333	NH	28.378927577275	9.07480275303016	39.4205958604377	-5	0.098303062726919	0.010810350301863	0.00494070866878353
347	347_2_1	5.893779628	1.06666666666667	NH	35.9409373614717	2.77378425899669	27.9368997627587	-5	0.154085952467738	0.00804580578362327	0
347	347_2_3	6.202516313	11.4	NH	34.2926066427383	6.10252041312959	31.9007388666578	-5	0.107208807827945	0.00250390778043517	0.00685368918658977
347	347_2_5	4.058838883	5.3	NH	24.1712410200263	3.25464006060507	NaN	-5	0.092283636963333	0.00861903764074192	0
347	347_2_8	4.313194605	75.1	NH	14.1419520069938	4.22154758279569	NaN	-5	0.110292903399629	0.00364655113384903	0.00306553213201995
347	347_3_2	4.572157594	127.033333333333	NH	10.3389939420352	4.6852454283541	NaN	-5	0.106161082436454	0.0194063261246496	0
347	347_3_3	4.144501066	91.6666666666667	NH	0.563370857245087	8.04135068440797	NaN	-5	0.070851760983668	0.010741054392393	0.00652363471733557
347	347_3_6	3.142609215	75.0333333333333	NH	8.30697624228608	6.1331710192377	NaN	-5	0.110196267236916	0.0269777595139412	0
347	347_3_7	3.611934114	84.4333333333333	NH	15.2557684907237	3.22006341807116	NaN	-5	0.0682411108220127	0.00695075525186557	0.00124103402566418
347	347_4_1	2.933994151	8.4	NH	20.2618735411633	2.47032137838608	NaN	-5	0.107372179264998	0.0136611621884321	0
347	347_4_3	3.002753236	3.73333333333333	NH	22.6165300814018	2.21158260428718	NaN	-5	0.144816803323233	0	0
347	347_4_4	3.819864924	34.5	NH	14.1585150289646	3.6672814906816	NaN	-5	0.0779361785135564	0.0173971712761564	0.0096639739906467
347	347_4_5	3.286942067	0.8	NH	37.7446047955005	2.24825762356392	NaN	-5	0.0584442227056288	0.0102194756079143	0.0168072510771625
354	354_1_2	2.781834315	17.0666666666667	NH	26.4327967371338	3.13139184211299	NaN	-5	0.0200069169234241	0.0457915255429578	0
354	354_1_7	1.634220632	12.5	NH	28.5124533962477	2.32756645233068	NaN	-5	0.0257530571997312	0.156421811888134	0.0318781100831954
355	355_1_3	5.893779628	64.9333333333333	NH	-16.0026961241544	8.45750823677908	70.5000177208997	-5	0.0155921104697006	0	0.0286319197063965
355	355_2_1	7.07337742	28.0666666666667	NH	23.3000873129263	5.22996789275318	NaN	-5	0.0635124375456441	0.0140749364742957	0.0383100608817181
355	355_2_3	5.499387572	68.3	NH	-10.3789640452586	6.85360507521729	73.0485503895871	-5	0.00207388239927621	0.0281924913181841	0.0129697801980483
355	355_2_4	5.796470089	70.7	NH	-14.756078058367	9.09771681024584	70.4521283719074	-5	0.0121240155576628	0.0498273734667309	0.00901983335505692
355	355_2_6	5.696465604	1.46666666666667	NH	14.3437771531678	6.46876699402219	NaN	-5	0.0508846218994338	0.0209406699973408	0
355	355_2_10	6.311214819	30.2	NH	3.55276703822257	6.11232870798585	NaN	-5	0.0251965305223001	0	0.00382993721828577
355	355_3_1	0.7769109151	62.2666666666667	NH	12.9496065192052	2.18851650725837	37.3959820910121	-5	0.147867630567717	0	0
355	355_3_4	4.602549087	69.2666666666667	NH	-2.56650645141808	13.2900928634001	NaN	-5	0.0317308603454852	0.0240109500003336	0.0286022563617444
355	355_3_7	3.927048211	64.7	NH	0.701515592081154	8.7125243071781	NaN	-5	0.0243147858372387	0.0175610337095686	0.00102516173486882
355	355_4_1	5.932526157	50.7666666666667	NH	8.88614204841107	5.71780548521759	53.3901421147058	-5	0.0499961918604799	0.06500419108572	0.0678607667749822
355	355_4_2	4.602549087	42.5666666666667	NH	-10.7887286736403	5.79745846398737	NaN	-5	0.0558776972890876	0.0282337792064478	0.0349152335737913
355	355_4_3	4.257209676	9	NH	9.34966460699144	8.61961961439245	NaN	-5	0.0582222614128659	0.0235749775365739	0
355	355_4_5	3.459977433	56.2666666666667	NH	5.65520392160575	7.61670845868568	NaN	-5	0.0287984464942266	0.0743731931092586	0.00658956282085259
355	355_4_6	3.2389934	86.6333333333333	NH	5.88945591048494	6.19338824818176	NaN	-5	0.0284662353560734	0.0430893034466611	0.0129608051322611
355	355_4_7	3.311730946	68.9	NH	6.44717869481942	9.97770449011124	NaN	-5	0.0188468756081507	0.0311999044201379	0.00186323179178247
355	355_4_8	2.198762385	79.8	NH	35.1705479152972	3.47719887533653	NaN	-5	0.0487622359711409	0.0134207449761332	0
355	355_4_10	2.877605159	86.4	NH	31.3165502260802	2.44061940719428	20.6506776132922	-5	0.0902328495680485	0.0155405563281096	0.0184234245363028
355	355_4_12	3.084349458	47.8666666666667	NH	7.97274587892364	9.03036979211112	NaN	-5	0.0142669900632033	0.0138082221288654	0
355	355_4_13	3.299334586	6.36666666666667	NH	31.6464465419019	5.30232388009558	NaN	-5	0.0653300825013842	0.0723826795378246	0.0456044648147193
355	355_4_14	3.084349458	63.2	NH	19.5283014344792	6.54280261725619	NaN	-5	0.0200594201976051	0.0121531139350707	0.021664901137989
355	355_4_15	3.299334586	86.6666666666667	NH	10.9797798752353	13.2421899124556	NaN	-5	0.058701884925135	0.0636190524146539	0.0663787648671138
355	355_5_1	NaN	52.3333333333333	NH	NaN	NaN	NaN	-5	0.0313476060445417	0.0192871975867752	0.0162479119826495
355	355_5_6	1.052527707	81.9	NH	34.0500443104078	1.63067769614848	13.6217151487179	-5	0.139410578110701	0.0645246184109881	0.0264226488334305
355	355_5_7	1.173487823	86.6666666666667	NH	20.3658267435279	3.04246295975265	NaN	-5	0.0675900879167657	0.0460801990536949	0.00786146056347653
355	355_5_8	1.133797439	63.4666666666667	NH	19.7900847349669	2.85136118458868	NaN	-5	0.0168082434048012	0.0037246450924944	0.0167454017890216
355	355_5_11	1.34038343	74.2333333333333	NH	23.6798888072604	6.24779734519156	NaN	-5	0.0535477668878971	0.0130463730728186	0.0217764619511658
355	355_6_1	5.402310572	52.4666666666667	NH	48.8348544372492	11.1132168180399	NaN	-5	0.0574439584798839	0.0500926176871676	0.0553018487498657
358	358_2_3	7.478924993	61.2	HI	34.8174248805296	3.05830704935951	25.5718205723156	-5	0.159564267200437	0	0
358	358_2_6	0.8744338082	43.5	HI	36.1766978750083	1.17476343932215	9.90015476641259	-5	0.191191315374246	0	0
358	358_2_7	1.610017957	43.1	HI	60.7033629118713	1.07801067130734	7.53839694606234	-5	0.150206262815821	0.00606536800526813	0.0206773884873624
358	358_2_8	1.468967189	23.7666666666667	HI	56.4133011065143	1.28789522791274	14.2214711029331	-5	0.13858745575503	0	0
358	358_3_1	3.604231056	58.8	HI	58.2560419981613	2.87900936740108	7.42965699805195	-5	0.201573011234511	0	0
358	358_3_2	NaN	54.9	HI	NaN	NaN	NaN	-5	0.212367948737185	0	0
358	358_3_4	4.691270275	3.43333333333333	HI	44.9601017211033	3.10584586289982	14.1546190712162	-5	0.230562596773777	0	0
358	358_3_6	1.094371421	45.4333333333333	HI	47.1716036512355	0.940695602906441	3.95284085480309	-5	0.237329919433505	0	0
358	358_3_7	1.411125882	38.4333333333333	HI	55.7673310187308	0.922244450651364	-0.667467184550233	-5	0.159088561040021	0.00887951634455219	0.0117063951605996
360	360_1_2	1.825911607	51.5	HI	41.0026080512516	2.28837818897822	17.3378576219865	-5	0.104528983944277	0.0269807292529093	0.00484473414050596
360	360_2_2	3.767618626	59.7	HI	40.9122336583402	3.53678981685109	16.9283929890805	-5	0.119781883918278	0.0133692151489195	0.000443542311767846
360	360_2_3	2.499123799	30.3666666666667	HI	50.2199666075493	1.03951167530135	6.07762450182357	-5	0.0654446708605222	0.0347616695223778	0.00327596791606652
360	360_3_4	1.996080393	1.7	HI	69.5852290861171	1.10837637475195	0.562829473239731	-5	0.114234897414289	0.0273938294886343	0.00739936651917342
360	360_4_2	1.411125882	36.9666666666667	HI	49.5098764955471	1.32183534918956	12.8869369093117	-5	0.0997025201015682	0.0264185489523336	0.00678615574009969
360	360_4_4	1.366847073	24.7666666666667	HI	43.7646934524758	3.06841349191894	22.4637356772523	-5	0.0640614626646591	0.00915684149650638	0
360	360_4_5	1.456235365	18.1	HI	64.5371300127787	1.06441423542139	1.92948725553178	-5	0.116377319466658	0.0112202014976196	0
360	360_4_6	1.456235365	28.1666666666667	HI	62.0926855683343	1.073751092199	9.13310343785368	-5	0.0670312339137189	0.018843947766218	0
360	360_4_7	1.366847073	31.5333333333333	HI	51.3202490080313	1.16445403381899	12.3762330666805	-5	0.0490059472563272	0.0249300763352364	0.000831266120638906
360	360_4_8	2.008244458	24.9	HI	62.2132323758847	1.06587941243643	1.46771037250047	-5	0.0516997285869418	0.0330703488791906	0.0108997380894367
360	360_5_2	0.8320128448	24.7333333333333	HI	66.2217809100626	1.42751063121842	18.1030051578244	-5	0.19943137220783	0	0
360	360_5_4	0.9335208735	57.4666666666667	HI	62.3961259810743	1.36951928046709	21.2859422066656	-5	0.0800438979761646	0.0112150084616206	0.00960522706425389
360	360_5_5	1.157784005	36.5	HI	61.2665720514845	1.41227040779252	NaN	-5	0.0633994080954705	0	0.00421268683851139
360	360_5_6	1.366847073	31.6	HI	68.6535823413647	0.984113615942019	7.653791208562	-5	0.152543340247547	0.0127059807216335	0
360	360_5_8	1.157784005	26.6	HI	59.4887942737067	2.33768724926525	19.3861650206185	-5	0.122295734741454	0	0
360	360_5_9	1.238958112	54.6333333333333	HI	56.7110893382059	1.79368134976975	30.968931103901	-5	0.0535538922752727	0.103984945934135	0.0247741343260363
360	360_6_1	1.238958112	47.3333333333333	HI	68.2666448937614	1.06160013805082	7.2794915221907	-5	0.13739958853113	0.0126126272031571	0
360	360_6_2	NaN	36.1333333333333	HI	NaN	NaN	NaN	-5	0.24339998660084	0.0372791982629513	0.0137800837973264
360	360_6_3	1.335433097	28.1333333333333	HI	60.4934174349874	1.57332481557647	19.2543756791233	-5	0.121068148579874	0	0
360	360_8_3	2.355831896	93.1333333333333	HI	70.9256593295307	1.2931362808646	14.7243604824903	-5	0.0135979875816709	0.0273322641202917	0.050582333986281
361	361_1_1	6.911842149	104.733333333333	HI	61.6088061896245	2.34483441777873	7.2312543081439	-5	0.184591974953283	0.0551305119095841	0.0149451046232278
361	361_1_3	3.943846685	97	HI	44.6376945595934	4.49933440718439	15.6958383130721	-5	0.154909237951789	0	0.00300758657094057
361	361_1_5	3.326978166	50.8333333333333	HI	50.089561813159	3.25587409854266	3.78021105431686	-5	0	0.0189232015685153	0
361	361_1_6	3.846864221	62.4666666666667	HI	54.040702811679	2.94118679537992	13.5120007946884	-5	0.0157122501212936	0.00555273202694942	0.00960174064076021
361	361_1_7	3.09627822	28.2666666666667	HI	62.384806961368	1.90049185616099	-4.32795268002138	-5	0.0883242391052202	0.0665751741034709	0.00615425761603693
361	361_1_9	3.489988026	61.9333333333333	HI	58.2757748566377	2.35684858717492	-1.13193265860161	-5	0.0250130616832363	0.0290704070254453	0.0309882264909553
361	361_1_10	3.054101812	1.73333333333333	HI	78.7667622214617	1.54637479595558	0.137427922975419	-5	0.0819835034919767	0.0466694625098703	0
361	361_1_13	2.866145519	3.8	HI	74.9566571155146	1.62006868981811	-9.62313555793931	-5	0.0948919556847229	0.0281299306824272	0
361	361_1_14	3.21451726	6.93333333333333	HI	66.2808300079148	2.53454161994191	5.911696143556	-5	0.0441861770035056	0.0282266928318778	0.00615688334167594
361	361_1_16	3.585886603	1.1	HI	77.0689600367381	3.22718949224623	24.5786220200387	-5	0.118198865021041	0.0909183329322282	0.0298540124339005
361	361_1_18	3.002753236	4.23333333333333	HI	75.7537570710913	2.02116572468944	2.95088904944362	-5	0.0992523160050764	0.0516815900269497	0
361	361_1_19	3.740937317	20.8	HI	56.2821425623774	3.78258036932364	32.9104951829136	-5	0.0330215891660765	0.0382953698773344	0.00690718321557821
361	361_1_20	3.360289139	6.3	HI	73.9682836038744	2.33465668523857	15.4175995345988	-5	0.0752147216942936	0.0619742843741578	0
361	361_1_21	3.072425193	20.3	HI	60.1824654276997	2.68247220147767	6.49424278427591	-5	0.074015388828929	0.0379524743165106	0.003037099142539
361	361_2_1	5.306748616	49.4666666666667	HI	49.1661247555308	4.1793090288954	32.8019179546094	-5	0.0516113955323783	0.00217965894508987	0.0068607519285033
361	361_2_2	5.211609044	76.0666666666667	HI	65.315440883052	4.33045565123257	23.6677351861289	-5	0.0807253427389712	0.00265617612770642	0.00957510413661811
361	361_2_3	5.597997935	9.8	HI	82.9059673713898	2.42654294312658	-5.28364691155031	-5	0.102720603373757	0.00230969980289239	0
361	361_2_4	5.40285878	79.1333333333333	HI	66.5967198255488	4.75605794618944	6.3831439504573	-5	0.140850661471768	0.0254865860224935	0
361	361_2_5	1.797600809	13.9	HI	82.2704273305835	NaN	-17.6401038345293	-5	0.205600342632698	0	0
361	361_2_6	1.598495508	34.7	HI	78.4652569664462	2.33341796757759	-7.36159528265655	-5	0.184380939845115	0.00154685000145975	0
361	361_2_7	2.010429716	21.9333333333333	HI	80.2768814998138	4.68024627019541	-3.14555129746635	-5	0.126478134367004	0.00436108324265266	0
361	361_2_8	2.296063152	15.1	HI	75.749872867902	1.84049592949925	11.7787653162433	-5	0.0363885042054124	0.07169133572952	0.0111237256869768
362	362_1_3	6.098620429	76.3666666666667	HI	22.7746115406906	11.6066167438457	33.7670687297029	-5	0.184300840733581	0	0
362	362_1_4	5.398813219	23.8	HI	20.2855317226275	10.3898437240063	40.3562649458135	-5	0.150178868153802	0	0
362	362_2_2	3.863467221	45.8	HI	27.200263292552	9.66752426170825	26.1732946982702	-5	0.0392015896120633	0.0244799409114097	0.0038958813307151
362	362_2_3	2.971520222	13.0666666666667	HI	55.3130206581352	2.1938505851069	11.4889906901414	-5	0.251267711952012	0	0
362	362_3_3	3.943846685	9.16666666666667	HI	73.8173436365651	2.11164000382224	-8.42592805699225	-5	0.160955128623973	0.00519819891836755	0.00286106130405093
362	362_3_5	0.9191379225	74.7	HI	38.5350104635237	1.80805030804281	20.5493005449091	-5	0.243172749513209	0	0
362	362_3_6	1.141432781	0.2	HI	70.1545392130696	1.76218173166764	15.5657427602381	-5	0.204661997167573	0.00578442750938933	0
362	362_3_8	1.985653483	28.7666666666667	HI	55.7122172250535	2.10878974717785	6.87968498532804	-5	0.216145394857145	0	0
362	362_3_11	1.995576807	8.13333333333333	HI	55.7077989498365	1.70820295446442	16.1994054539809	-5	0.183139716166353	0	0
362	362_3_12	2.106726663	40.7333333333333	HI	58.4977484361838	1.45232524367291	11.6390572336211	-5	0.176688813239295	0	0
362	362_3_13	1.899885076	44.4666666666667	HI	56.4624596189086	1.13500190961834	11.9318103393032	-5	0.203400256704947	0	0
362	362_3_14	1.491485161	9.26666666666667	HI	72.4204101650759	NaN	1.32225216901453	-5	0.217324679351814	0	0
367	367_1_3	1.902287248	44.1333333333333	HI	53.7238488784665	1.24469746986156	9.08797018476662	-5	0.0564847119389735	0.0383302479341195	0.00871028881093376
367	367_1_4	1.646996451	24.1666666666667	HI	57.2166254724565	1.37858289672119	18.8082668905145	-5	0.0634252117597968	0.103447086881699	0.024522961101373
367	367_3_3	6.520125558	42.0333333333333	HI	43.1207719622025	4.74145333250751	25.7296906120285	-5	0.0999650086500968	0.0322080478496336	0.00093402533265162
367	367_3_5	1.744425815	22.5	HI	37.2388171675892	1.58804032895699	15.8410871541951	-5	0.0462898101200683	0.0400606782981783	0
367	367_3_6	3.211503473	87.1333333333333	HI	56.7338232034081	6.89323899353161	20.2488065949378	-5	0.0127983879089543	0.0493695571902179	0.000940169778448199
367	367_3_8	0.4040588715	63.7	HI	46.0810283676894	NaN	NaN	-5	0.209157820262943	0	0
367	367_3_13	1.250538353	44.2333333333333	HI	33.3613597464624	1.61807616903862	17.2297291450146	-5	0.162887043595083	0	0
367	367_3_14	1.915036453	50.1	HI	66.8333388514754	1.31104885865386	9.09938517225653	-5	0.125780781059981	0.00850133179100528	0.00898453078225585
370	370_1_3	0.9900664815	23.8	HI	35.872341214328	NaN	-0.174198875166262	-5	0.180521820392664	0.000446750215598604	0
370	370_1_5	0.9257715681	44	HI	29.0498488651004	1.40305219816468	16.6621919480946	-5	0.332949595525031	0.0272657226263198	0.0206497253566898
370	370_2_1	4.620926565	1.16666666666667	HI	51.2081372406324	3.55405540120292	13.4287753620027	-5	0.259912068354674	0.0226317005990108	0
370	370_2_2	0.8513324837	0.733333333333333	HI	48.4894693260512	1.45330211215466	14.3084829378219	-5	0.218574960213206	0.0103061251536888	0
370	370_2_3	1.148975953	28.7666666666667	HI	36.0559103698714	2.03397051290748	7.10928086858345	-5	0.0598462155527372	0.00644955149342608	0
370	370_3_1	1.634220632	29.2666666666667	HI	39.5181050295772	1.14685599829721	10.123441518683	-5	0.050007532046553	0.118532308778072	0.0213605311694524
370	370_3_2	0.7306977911	26.7	HI	30.7550046829028	1.11613949455991	18.1607111820068	-5	0.219101139604774	0	0
370	370_3_3	0.8576696369	22.0666666666667	HI	38.3803606798674	1.08691779819567	5.48499033312346	-5	0.214596503733086	0	0.00333740984586956
370	370_3_4	1.071390222	47.0666666666667	HI	34.5356964334499	1.48294380013157	18.0485988058416	-5	0.183496436272755	0	0
370	370_3_5	0.7612986891	5.53333333333333	HI	38.467407917876	1.12270834108889	11.3371968359226	-5	0.242904310171675	0	0
370	370_3_6	1.188977395	35.4666666666667	HI	36.9056035533696	2.14835100807472	11.5967288720393	-5	0.0554731352726979	0.00786409172451323	0.000890431875804044
370	370_3_8	0.9970000454	11.4	HI	29.9456176797145	1.45812935117093	16.8595633625828	-5	0.203631124379329	0	0.000734786717006601
370	370_4_4	1.985653483	32.3333333333333	HI	53.3536506651931	NaN	-1.62242856194875	-5	0.153178585116177	0	0
370	370_4_8	3.326978166	33.0666666666667	HI	62.1349615136733	2.82398467024476	12.0556643755333	-5	0.188677948921616	0.042736328928255	0.0270706981933051
373	373_1_2	6.453892159	91.4666666666667	NH	18.9903434630151	3.71834742638242	42.6718005666239	-5	0.0716931403148482	0.0705474852760059	0.0585283254142128
373	373_1_3	7.530832298	68.1666666666667	NH	14.5659940375252	3.61570990585318	47.3505926782353	-5	0.0596798867137154	0.0519154357327104	0.0366876495487553
373	373_1_5	NaN	0.0666666666666667	NH	NaN	NaN	NaN	-5	0.0422067212737889	0.0897251218837041	0.0247365138768382
373	373_1_7	3.359870257	91	NH	26.1919962745589	4.05372762592939	27.4400403942876	-5	0.0445108778622579	0.0852966810358071	0.00520469444206386
373	373_2_5	NaN	1.3	NH	NaN	NaN	NaN	-5	0.0204241755859942	0.0356113628608237	0.0372924299407197
373	373_2_7	1.135152159	101.633333333333	NH	25.6695234488128	1.89965774004488	28.734019192238	-5	0.0823248361064232	0.0481012415240865	0.0196560323859432
373	373_2_10	0.8600541465	3.3	NH	21.0658755446115	2.02383599759688	NaN	-5	0.0958239630938966	0.0148458373554906	0.000273725853303076
373	373_2_13	1.115617217	2.83333333333333	NH	34.9727615756969	2.06767716934424	NaN	-5	0	0.0145792737013296	0.0173532314998048
379	379_1_5	0.4315858748	3.63333333333333	NH	22.6939160438306	1.15086892190882	NaN	-5	0.17271735039907	0	0
379	379_1_7	NaN	2.8	NH	NaN	NaN	NaN	-5	0.353674666035946	0.0133434654733964	0.000811802314397349
379	379_1_8	0.8271091165	80.0333333333333	NH	9.90982561865712	1.36988483414552	27.2719893560825	-5	0.206728061635994	0.0490287733269532	0.0234304736165001
379	379_1_9	0.9833143338	86.5	NH	10.8633640447534	1.94137501474234	32.2838154212416	-5	0.188273433470266	0.0300917234889336	0.00869579501671957
379	379_2_1	NaN	38.7333333333333	NH	NaN	NaN	NaN	-5	0.20953833201077	0.00982820630262532	0
379	379_2_6	1.34038343	103.066666666667	NH	12.018573766004	2.61857043019707	33.1727689271149	-5	0.0803550965579671	0.196210816148615	0.0325845907095176
379	379_2_7	1.520474845	101.366666666667	NH	8.63366920556586	3.01234881601958	29.0854637057043	-5	0.0725088179232848	0.14426378889182	0.000888789108746998
379	379_2_9	9.482191427	102.433333333333	NH	26.7090459548512	5.45391058286858	29.4446350620619	-5	0.255447767244937	0.0643688499270675	0.0131658381430787
379	379_2_11	1.323395311	115	NH	18.0912983227029	1.89002469794661	18.1433923690075	-5	0.0780649573825279	0	0
379	379_2_12	0.7681928449	71.1666666666667	NH	7.42394077833127	1.44989959992249	28.5868425444427	-5	0.192076564588301	0	0
379	379_2_13	0.7681928449	0.0333333333333333	NH	31.6461630005535	1.59853880311189	NaN	-5	0.150735684308664	0.00269420188349684	0
379	379_2_14	0.3914536299	90.2333333333333	NH	10.8610968938902	1.75839193214432	NaN	-5	0.245355459369948	0	0
379	379_3_3	9.350392498	73.7333333333333	NH	22.8633283781834	4.19112736373312	35.9426980700021	-5	0.170932086595036	0.0085622529176818	0
379	379_3_5	0.8869636541	81.1666666666667	NH	10.0489246236126	2.29251037527626	37.1888113554313	-5	0.134035910842981	0	0
379	379_3_6	NaN	101.466666666667	NH	NaN	NaN	NaN	-5	0.152215930207889	0	0
379	379_3_7	0.7029622121	60.8666666666667	NH	9.31744700146477	1.30558054874448	26.3013080905389	-5	0.214482105995961	0.018643523212076	0.00772997933261402
379	379_4_1	9.615016691	80.6	NH	25.629881632863	3.91058448130293	30.409121249045	-5	0.198220437665533	0.0568344793032175	0.0202963319215938
379	379_4_2	0.7635187514	51.5333333333333	NH	5.97533282968881	1.87616771821083	29.7024798227313	-5	0.123903588668138	0.00965811456065344	0
