ChinID	CF_kHz	SpontRate	HearingStatus	thresh_dB	Q10local	TTR_dB	SusRate	OnRate
374	NaN	NaN	NH	NaN	NaN	NaN	NaN	NaN
374	0.5114242781	108.033333333333	NH	15.1443480831886	3.27728482539435	NaN	NaN	NaN
374	0.5114242781	89.9667	NH	15.1443480831886	3.27728482539435	NaN	123.223776190476	46.8672768339768
374	0.5390832994	116.666666666667	NH	9.87314643801486	4.80022070710496	NaN	126.714285714286	26.6537966537966
374	0.5143072416	109.4	NH	16.1148307985152	1.66166837718012	NaN	141.269841269841	49.4674388674389
374	0.4668775275	NaN	NH	14.1618349276799	1.97556413133233	NaN	NaN	NaN
374	NaN	11.0666666666667	NH	NaN	NaN	NaN	NaN	NaN
374	NaN	99.0333333333333	NH	NaN	NaN	NaN	NaN	NaN
374	1.795553049	97.3666666666667	NH	14.5553742219893	3.27830973378154	34.7789632438177	114.407936507937	24.4093951093951
374	1.366847073	65.4666666666667	NH	16.0700550891158	3.59605392001548	37.8493169066607	101.212698412698	62.7444015444015
374	0.6738090847	0.733333333333333	NH	29.0327958998403	2.46703224981006	NaN	3.95661375661376	4.70639210639211
374	0.6177270957	1.4	NH	25.3664833354503	1.97722502197695	NaN	4.56190476190476	8.43268983268983
374	1.953774247	93.5666666666667	NH	23.7957186291548	2.18228197629305	20.7589289815705	125.214285714286	35.9828828828829
374	1.323395311	81.1	NH	25.5636232780863	1.87822826735464	19.7309776988016	115.433333333333	54.5241956241956
374	1.005098493	78.8666666666667	NH	13.6752372071865	2.74888558291649	NaN	115.596825396825	73.1925353925354
374	0.8650737676	91.2	NH	28.3078615611342	1.5122998029595	NaN	129.460317460317	36.4190476190476
374	1.658721421	81.1333333333333	NH	10.1435030184164	3.81470513167326	36.2398791122047	116.444444444444	67.6182754182754
374	1.862056413	6.4333	NH	22.0345048169592	2.00446791822902	29.6416526937453	19.6460650793651	15.7546021879022
374	1.423625354	98.8333333333333	NH	24.3774292828207	3.16986462387206	NaN	110.22380952381	34.6158301158301
374	1.379115193	103.4	NH	18.8377304254694	6.10478031405995	NaN	132.657142857143	44.9397683397683
374	3.124449254	10.3333333333333	NH	27.1116521648119	5.44905150667116	25.4542288169407	77.3904761904762	22.2535392535392
374	1.357132158	76.9	NH	14.4136902622733	3.32157596204601	NaN	123.630158730159	64.1810810810811
374	1.634220632	93.3333333333333	NH	15.7403644309041	2.22657143691371	27.5020015347372	137.222222222222	35.9588159588159
374	0.96099276	85.7	NH	14.5049222080893	2.17223918714041	NaN	88.8587301587301	52.1378378378378
374	1.689927457	75.3666666666667	NH	13.2853180101557	3.02048438098494	31.8379097565525	116.58253968254	45.2510939510939
374	4.144973038	86.4666666666667	NH	19.2530796109825	4.75802509165516	NaN	203.273015873016	81.6414414414414
374	3.662945261	73.5	NH	32.1333080411247	2.97508865918701	25.8139638602578	142.750793650794	49.485842985843
374	3.899730207	92.2333333333333	NH	26.7611828218631	3.3219396485316	36.2337992465472	174.553968253968	61.07425997426
374	1.692273395	64.7	NH	13.2051875548278	2.80535751037438	32.8916609991819	112.776190476191	46.4583011583012
374	1.791213164	51.4666666666667	NH	15.3736559366695	2.27100054140139	30.5239530069043	105.8	60.9786357786358
374	4.780949837	0.2	NH	27.8694076135503	4.18161536719799	NaN	76.6888888888889	24.3817245817246
374	4.780949837	0.1	NH	26.536074280217	4.23310208821593	NaN	87.4619047619048	29.6425997425997
374	4.514784368	29.2	NH	19.4211641938925	3.79825087454034	42.0106855769908	260.685714285714	123.721492921493
374	6.034829701	89.4	NH	16.3289302426634	4.06390914166633	40.346805514196	182.933333333333	83.8303732303732
374	4.090239729	57.5666666666667	NH	22.245430437097	4.55450593963102	NaN	188.607936507937	118.366409266409
374	4.173251382	66.0666666666667	NH	18.8007697419068	4.90234958973057	NaN	235.015873015873	111.925611325611
374	4.173251382	84.6333333333333	NH	15.0229919641291	4.80211434299794	NaN	227.722222222222	107.001158301158
374	3.054101812	56.9333333333333	NH	21.4283912568339	6.29236377149467	27.6286629157178	182.780952380952	76.5029601029601
374	3.195713706	18.4666666666667	NH	30.0297802134317	2.96465387257718	NaN	107.11746031746	58.3930501930502
374	2.051227221	73.3	NH	23.0596967477223	2.54706621094054	28.6030210955928	82.4047619047619	16.8801801801802
374	1.888391585	10.7333333333333	NH	21.0520372307256	2.70935819290863	NaN	37.9238095238095	39.6785070785071
374	2.051227221	93.7667	NH	24.1708078588334	3.08232976573183	29.2974731285053	112.782506349206	16.0659898326898
374	1.784155586	72.8333333333333	NH	13.700216009544	2.48743895736439	36.203284640009	132.284126984127	62.0958815958816
374	0.9257715681	95.9	NH	16.1036127680059	1.86603927350103	NaN	114.728571428571	54.6791505791506
374	1.129312863	76.8333333333333	NH	17.6271635746106	4.13906535686037	32.2718733856609	91.9761904761905	45.9594594594594
374	1.468967189	70.2	NH	24.0154731241504	1.80245226042068	19.4883675462722	94.2571428571428	47.5091377091377
374	0.7494330542	108.266666666667	NH	14.8172876963275	2.38102296615399	NaN	155.526984126984	60.5879021879021
374	0.4374261971	89.4	NH	15.6476815649831	1.39036366467969	NaN	111.888888888889	40.1366795366795
374	0.4794901165	80.1666666666667	NH	12.0863786209397	1.82545899177804	NaN	56.5888888888889	15.457528957529
374	3.846864221	27.6	NH	12.6198639393322	6.21657440584739	NaN	274.16507936508	153.661261261261
374	1.955924949	88.8	NH	18.2848292530273	3.17060610723036	34.1140972397054	142.098412698413	49.6298584298584
374	1.746545838	68.7	NH	16.6193830553292	2.89411740377213	32.4487345763103	135.131746031746	68.9962676962677
374	0.7681928449	56.9	NH	12.7940662577497	1.84992602669153	NaN	112.769841269841	69.3934362934363
374	0.6781443263	88.1666666666667	NH	17.3543247590656	2.40762987174345	NaN	102.620634920635	51.6145431145431
374	1.079841632	1.76666666666667	NH	25.7830931681041	2.87187605006878	NaN	8.32857142857143	17.3066924066924
374	1.238958112	62.6	NH	17.7412196793313	2.27536567155385	33.9254830660882	103.073015873016	72.0203346203346
374	1.238958112	83.6	NH	16.6301085682202	2.00930002045738	NaN	134.393650793651	82.1142857142857
374	0.9689161501	83.4333333333333	NH	12.2028393792242	3.29995324587269	NaN	91.7793650793651	72.3066924066924
374	1.042072236	97.7666666666667	NH	19.6852028338724	3.73073653532206	NaN	129.220634920635	37.6902187902188
374	1.079841632	110.933333333333	NH	20.671982056993	3.29613410007266	NaN	94.5206349206349	17.393564993565
374	1.042072236	92.3666666666667	NH	16.3518695005391	2.94704913637861	NaN	92.1634920634921	34.4930501930502
394	0.5125605558	51.9666666666667	NH	-6.29360291699031	1.99997704473261	NaN	NaN	NaN
394	0.2378841922	NaN	NH	25.9604530281755	NaN	NaN	NaN	NaN
394	0.5947909854	65.6	NH	-0.105137070872868	1.37764954189264	NaN	NaN	NaN
394	1.042072236	64.1	NH	6.27043692038476	1.50133508807378	26.4024939411562	193.865714285714	109.413513513514
394	0.9689161501	12.5	NH	20.4826557106307	1.28078691456557	19.1837121728653	8.0447619047619	30.4498069498069
394	1.005098493	0.5	NH	18.3496405757762	2.57646215976195	22.2473425702964	NaN	NaN
394	1.835843532	53.6666666666667	NH	15.6761038804701	2.62868822188675	18.2321087849768	133.712380952381	76.1557271557272
394	1.033797776	27.3666666666667	NH	7.10003059963178	2.06091710752654	27.7753721636542	154.770476190476	111.320592020592
394	1.071390222	37.2666666666667	NH	9.89566851665029	2.51005563020489	31.5932135809359	169.982857142857	133.049935649936
394	1.033797776	65.3666666666667	NH	3.10003059963178	2.4823490029485	27.2793548042488	137.296190476191	86.9422136422136
394	0.8247797648	61.8333333333333	NH	5.9173015267128	1.51446687274523	25.5401955013815	130.852380952381	94.9543114543114
394	0.9257715681	48.7333333333333	NH	5.98881403760434	1.8290539814274	27.2471072840373	NaN	NaN
394	0.7926577149	17.4	NH	7.95492998706992	1.64272674173657	23.5853421573685	102.474285714286	101.982239382239
394	9.089868387	61.8333333333333	NH	21.4188024006477	3.78780683391912	38.0063872004522	342.646666666667	56.0353925353925
394	1.610017957	59.1333333333333	NH	11.9373239660074	1.34347986387625	16.5547592401814	178.832380952381	92.1099099099099
394	1.915036453	62.6666666666667	NH	12.76594093284	3.34050561756742	25.3535539610984	188.616977225673	120.898886464104
394	1.915036453	1.5	NH	30.0992742661733	1.92592653417047	17.7589707773767	16.4542857142857	12.0907335907336
394	1.209318172	60.2333333333333	NH	11.8485729599897	1.6056738711384	16.7977485175184	176.372380952381	143.118018018018
394	0.9789297734	9.9	NH	14.5832134686648	1.43878413536878	17.3764096948299	74.3019047619048	103.737065637066
394	1.423625354	62.5666666666667	NH	12.8028257750257	1.20167003863064	19.8000725392949	186.564761904762	126.19009009009
394	1.090519796	31.6333333333333	NH	11.1441658338213	1.46564610159668	33.6563672122582	158.412380952381	124.057786357786
394	1.379115193	67.3	NH	12.8270037416016	1.30475464855476	20.4813040431118	155.202857142857	114.58416988417
394	1.335433097	36.5	NH	15.7860692556546	1.10011757069625	12.621781924464	179.412380952381	138.681467181467
395	5.553497132	6	NH	27.5848129702511	5.15795550256395	48.6327680334796	234.133333333333	90.5559845559846
395	NaN	1.7	NH	NaN	NaN	NaN	NaN	NaN
395	NaN	86.5333333333333	NH	NaN	NaN	NaN	NaN	NaN
395	NaN	112.666666666667	NH	NaN	NaN	NaN	NaN	NaN
395	3.050841847	63.0333333333333	NH	23.7130788717119	3.05586103269041	28.3838362429417	335.26	168.904890604891
395	1.033797776	55.8666666666667	NH	18.7199054033186	1.18176065501243	18.6784221799131	94.1447619047619	94.0638352638352
395	1.033797776	67.6	NH	21.164349847763	1.41040487990035	19.0199864807379	NaN	NaN
395	0.4206894036	0.466666666666667	NH	33.230369735969	1.26390063356876	NaN	1.14095238095238	1.81904761904762
395	0.3788825694	57.6	NH	24.7728253378046	1.28051237616206	NaN	47.0438095238095	33.8594594594594
395	0.4100021523	32.6666666666667	NH	34.7382441505458	NaN	NaN	12.2780952380952	13.3564993564994
395	0.8086515233	NaN	NH	24.6039162297364	1.13801908206993	22.2357385704482	NaN	NaN
395	NaN	NaN	NH	NaN	NaN	NaN	NaN	NaN
395	9.615016691	0.366666666666667	NH	28.7072615027021	5.331523986312	53.2066172889041	166.006666666667	8.39009009009009
395	9.883751431	84.2666666666667	NH	14.7933812427299	5.77853663236217	49.6713462093347	226.289523809524	53.4939510939511
395	1.446151912	60.8333333333333	NH	12.8394684561481	2.28727021940934	25.5187219789505	132.012380952381	99.3211068211068
395	0.8247797648	NaN	NH	12.4845346873038	1.49754850279062	31.2996237064203	NaN	NaN
395	1.168910987	78.5333333333333	NH	13.5473205714545	1.92357836482884	28.1920733423717	NaN	NaN
395	4.372250203	73.3333333333333	NH	24.3812610769959	2.918555735435	35.3739724418774	301.619047619048	167.747747747748
395	4.427974193	84.3	NH	23.8089898658469	3.51000927633225	30.0945986444459	261.749523809524	156.394980694981
395	7.363506657	5.13333333333333	NH	20.1427241281348	4.98116712750117	49.3738219206724	430.375238095238	171.91685971686
395	0.7612986891	0.5	NH	27.9543819922902	1.81031666960343	27.5369511222902	1.55333333333333	15.3455598455598
395	1.357132158	0.166666666666667	NH	38.6402225638944	2.2604644784497	NaN	3.02190476190476	8.83719433719434
395	1.357132158	76.5	NH	13.9735558972277	2.08602301311835	24.6844434900219	161.385714285714	100.658301158301
395	NaN	90.9666666666667	NH	NaN	NaN	NaN	NaN	NaN
395	9.089868387	86.2333333333333	NH	6.99395839718044	5.76806165345013	57.6048808692067	353.568571428572	115.172072072072
395	1.357132158	61.8666666666667	NH	13.306889230561	1.9980432876376	33.8355298787866	52.8457142857143	30.3804375804376
395	1.313863453	0.0666666666666667	NH	33.2780249812393	2.29875277102846	27.6891901977329	4.07809523809524	16.9526383526384
395	0.562725678	34.2333333333333	NH	14.7628821162479	1.10304856184676	34.1679134140551	35.0733333333333	71.5581724581725
395	1.446151912	83.3333333333333	NH	14.6172462339259	1.68558334359954	22.1579608037492	187.676190476191	112.697554697555
395	1.071390222	35.6	NH	12.6493196910049	1.82712297328978	27.4392157644696	159.92380952381	121.017760617761
395	1.271417278	70.9	NH	15.5764699880696	1.80296355620903	22.4937884263814	172.155238095238	115.771814671815
395	1.071390222	61.9666666666667	NH	15.0937641354494	1.31556001530198	30.3713356379331	NaN	NaN
395	0.7612986891	NaN	NH	33.5099375478457	1.35742054381652	NaN	NaN	NaN
395	0.7306977911	17.4	NH	17.6605564498106	1.05421486778031	30.3201549375846	54.68	97.0864864864865
395	3.192368173	57.1333333333333	NH	20.5586630241533	2.90179648953491	26.9228328590774	296.211428571429	169.847361647362
395	0.45612685	1.66666666666667	NH	28.5191870592371	1.44200197340242	NaN	4.48190476190476	11.5997425997426
395	1.094371421	50.3666666666667	NH	14.4837958823105	2.09344803983737	20.6743251801272	119.393333333333	112.892020592021
395	1.888391585	9.76666666666667	NH	25.2063824470989	1.51314161889749	17.4954322855044	43.0180952380952	55.4688545688546
395	0.6157739299	64.1	NH	13.9218310921603	1.38237602193163	26.9710066659559	73.0809523809524	76.2088803088803
395	9.615016691	63.2333333333333	NH	14.4850392804799	5.48338304355858	46.8695353854529	334.412380952381	105.677863577864
395	0.9825424037	2.16666666666667	NH	24.2056666186036	1.37392193334321	29.6427930536356	15.8333333333333	43.6711711711712
395	0.4100021523	29.2666666666667	NH	18.2937997061014	1.22897314079283	NaN	41.56	52.401287001287
321	5.696465604	82	NH	7.65283597007895	6.5017038851911	NaN	236.910476190476	163.359073359073
321	5.897453827	72.2	NH	-2.09530431213422	11.7351632279033	54.2593763670105	242.36380952381	152.309652509652
321	4.342116617	19.2666666666667	NH	0.17374898952317	10.7759225866545	54.5967222185192	412.474285714286	271.883912483912
321	4.96319161	92.4666666666667	NH	15.1395764182253	3.98257515757728	40.8276150139466	168.889523809524	112.784298584299
321	5.243788625	13.4666666666667	NH	6.18148618529548	9.53549378806527	NaN	391.721904761905	281.946460746461
321	5.243788625	13.0333333333333	NH	18.8481528519621	4.37743576993201	39.8070167536565	404.185714285714	287.955083655084
321	4.090239729	85.3	NH	-9.69905068266025	8.34722384923796	60.0416363041503	212.665714285714	129.696138996139
321	3.535490887	3.96666666666667	NH	12.8991282056133	5.30739668997365	44.1128901643884	275.111428571429	139.044916344916
321	4.228609837	4.73333333333333	NH	15.8659941850008	5.33036528456624	NaN	333.56	246.123809523809
321	4.144973038	102.333333333333	NH	-3.13040814966208	5.70011601470219	NaN	281.735238095238	150.809523809524
321	4.144973038	1.9	NH	21.3140362947824	4.51840508214276	NaN	255.688571428571	162.918532818533
321	NaN	0.533333333333333	NH	NaN	NaN	NaN	NaN	NaN
322	3.475609728	4.9	NH	8.79882383137334	5.09470889983411	52.7839281308402	302.559047619048	209.864478764479
322	3.326978166	6.7	NH	8.11626859030612	6.69271588092881	NaN	305.254285714286	187.477606177606
322	8.934560923	60.8	NH	2.22058536880325	7.03189309884986	NaN	235.024761904762	106.798455598456
322	7.705316109	81.5666666666667	NH	1.81580927888827	10.4914259351071	NaN	419.541904761905	135.329086229086
322	9.652190431	74.3333333333333	NH	16.3299151679393	4.54389415856348	NaN	173.041904761905	55.9369369369369
322	9.786329755	34.9	NH	20.1859265693054	4.50345055725887	NaN	304.479047619048	86.0575289575289
322	6.308662272	44.1666666666667	NH	-0.903020397762388	10.1885538976649	NaN	326.886666666667	184.759974259974
322	2.864131286	41.8	NH	2.35422952081826	4.40873437201665	44.602993964511	249.872380952381	131.203861003861
322	4.257209676	7.6	NH	4.87141617659716	7.1393524181797	NaN	361.333333333333	247.519691119691
322	5.149289271	10.3	NH	8.86663608070904	4.51906141629419	NaN	422.759047619048	243.89305019305
322	8.438533664	97.9333333333333	NH	19.1381510803087	4.2734893930267	44.1535982521591	218.070476190476	80.9546975546975
322	9.063076815	87.7	NH	16.9794198496056	4.87148329821338	NaN	320.501904761905	129.365637065637
322	9.063076815	62.0666666666667	NH	3.20164207182779	11.1936740598294	NaN	239.742857142857	99.7866151866152
322	5.302743749	59.0333333333333	NH	6.64002410617219	7.79021951121807	NaN	241.359047619048	146.588288288288
322	7.128534282	0.633333333333333	NH	35.178286709762	4.76582324335677	NaN	222.882857142857	66.9342342342342
322	6.576733872	70.9666666666667	NH	13.5265079037037	5.9736717572697	NaN	281.287301587302	134.078378378378
322	8.307265413	2.86666666666667	NH	25.3947726527702	4.38801488848543	NaN	340.847619047619	122.770398970399
322	7.023259975	8.33333333333333	NH	20.8077251863848	4.51780646331421	NaN	346.641904761905	135.496782496782
325	4.657330784	21.1666666666667	NH	17.4047128259065	4.39328732225328	NaN	333.812380952381	135.729086229086
325	4.657330784	17.1333333333333	NH	4.73804615923981	7.71835707236069	NaN	352.649523809524	190.10990990991
325	4.657330784	21.0666666666667	NH	6.73804615923981	5.65079811026023	NaN	308.167619047619	171.257657657658
325	3.977131455	17.1	NH	7.57098434144718	5.61535221955042	NaN	376.515238095238	258.884555984556
325	3.816539839	25.0333333333333	NH	8.69729724758476	4.52606094538542	NaN	265.709523809524	221.545817245817
325	2.931133715	97.1666666666667	NH	6.27625998580465	5.12738356650925	NaN	194.955238095238	107.173101673102
338	6.15315009	1.86666666666667	NH	-11.3638482987935	7.95352191335953	71.454737691076	547.893333333334	305.824453024453
338	7.705316109	43.2	NH	34.6951181392394	3.52977976355708	25.8441387350248	330.533333333333	160.614671814672
338	6.685104632	23.7333333333333	NH	38.5752837813678	2.4573858016856	NaN	475.337142857143	163.448133848134
338	6.469354636	0.7	NH	38.856926614103	2.81138979606032	NaN	411.829523809524	181.832818532819
338	1.996080393	40.5	NH	-14.6734817660219	3.88210056930432	NaN	198.414285714286	72.6583011583011
338	5.435697359	9.5	NH	-10.8520144482037	5.95356823229181	NaN	123.573015873016	134.077863577864
338	5.495854974	76.2333333333333	NH	-0.278078927305783	11.9988670437348	NaN	171.395182400446	83.8199530357425
338	3.816539839	58.0666666666667	NH	-15.4222030771243	4.47359827144829	NaN	285.201904761905	171.215186615187
338	1.644947748	77.8333333333333	NH	2.7990627620301	5.10289899846736	NaN	130.966666666667	61.0238095238095
338	1.627583876	78.1333333333333	NH	25.0427241606469	2.69082649685886	NaN	78.1606349206349	13.5185328185328
338	3.977131455	0.6	NH	51.4620582464228	2.06610302627897	NaN	152.759788359788	10.9615615615616
341	4.309632294	84.8	NH	-11.992951249134	9.99806614001439	53.6294955987153	253.44	144.806177606178
341	3.977131455	86.8	NH	-12.3202478500813	8.97853205073127	NaN	241.834920634921	137.266924066924
341	3.582678948	86.1	NH	3.71805646894375	5.1230245101476	NaN	194.785714285714	98.6683397683398
341	4.395127191	11.5666666666667	NH	8.94372507262923	7.52563098218263	NaN	403.587619047619	244.217117117117
341	4.568974493	25.1333333333333	NH	17.1157595255166	4.82241833445834	NaN	176.634285714286	99.221879021879
341	3.283889696	87.6	NH	-3.60970362757007	6.2614993347464	NaN	216.674285714286	96.8015444015444
341	1.456139686	43.9	NH	5.05989539154542	4.45141896158087	NaN	159.444761904762	89.2274131274131
341	9.991380628	9.73333333333333	NH	45.5398671987319	3.51885236538622	33.2311577231403	161.779047619048	-5.37812097812098
341	0.3890989803	0.933333333333333	NH	29.8067941468292	1.52506287634531	NaN	9.94285714285714	26.2635778635779
341	3.509759167	96.4333333333333	NH	33.2749031690619	3.47475117006791	NaN	121.3	26.5628056628056
341	5.020351289	9.33333333333333	NH	29.1051902765006	3.15526827893666	NaN	313.805714285714	165.168597168597
341	1.900059238	88.4	NH	29.8289882021333	2.21978091722533	22.2625738198796	111.241904761905	16.8200772200772
341	5.113514577	94.3666666666667	NH	24.0875356907011	4.90994237063329	NaN	150.330476190476	66.5290862290862
341	3.659698553	79.8333333333333	NH	20.0870519345621	3.62613640719271	NaN	124.875238095238	59.7651222651223
341	4.225087277	79.8666666666667	NH	7.39975724539807	4.29099061563906	NaN	238.380952380952	150.975032175032
343	5.398813219	36.1666666666667	NH	16.0073211970556	5.88431863267929	NaN	358.901002506266	234.99773081352
343	5.398813219	27	NH	14.2295434192779	6.08636378862841	NaN	369.518095238095	259.980694980695
343	4.602549087	23.5666666666667	NH	9.66216035131478	6.53963063054057	NaN	308.905714285714	223.136036036036
343	5.402310572	58.9666666666667	NH	18.6289900186279	6.42179722527277	NaN	279.551428571429	181.929086229086
343	5.499387572	52.7333333333333	NH	19.5608241289461	5.65358095492233	NaN	265.899047619048	175.096782496782
343	6.631898869	53.3666666666667	NH	23.290454383924	5.17110242307708	NaN	337.14380952381	205.536808236808
343	6.740776098	27.9	NH	22.9772467579878	5.11546231909294	NaN	302.312454212454	196.780724680725
343	7.363506657	13.8333333333333	NH	20.1468848495675	5.10584581340265	NaN	301.686666666667	161.626126126126
346	11.2592202	25.6333333333333	NH	41.072181762647	3.689610428704	NaN	154.317142857143	-8.16615186615187
346	4.290964766	68.4333333333333	NH	14.315050889622	6.48893877047661	NaN	148.621088435374	82.8077036219893
346	5.207644796	92.8666666666667	NH	19.0408174481133	5.68665612862071	NaN	158.249523809524	84.4769626769627
346	4.062282195	35.6	NH	13.4309203924899	4.69688287236138	51.3013793278725	208.193650793651	157.08018018018
346	3.740937317	91.3666666666667	NH	24.9268198337322	3.01764008434659	NaN	183.252380952381	106.261573818717
346	3.740937317	32.8666666666667	NH	35.1490420559544	2.88469040610976	NaN	81.8914285714286	39.0097812097812
347	NaN	27.5666666666667	NH	NaN	NaN	NaN	NaN	NaN
347	5.306205922	104.133333333333	NH	26.4159525044748	5.3794616251429	34.2973701306928	180.982857142857	46.0133848133848
347	5.116906584	92.1333333333333	NH	28.378927577275	9.07480275303016	39.4205958604377	186.742857142857	55.1253539253539
347	4.312711872	104.166666666667	NH	14.8122896680058	6.55044898352799	47.4695591426147	185.528571428571	78.3815958815959
347	5.893779628	1.06666666666667	NH	35.9409373614717	2.77378425899669	27.9368997627587	275.92380952381	58.3310167310167
347	7.069308903	5	NH	41.665696757195	3.88532396004179	32.8993639567804	274.641904761905	41.6718146718147
347	6.202516313	11.4	NH	34.2926066427383	6.10252041312959	31.9007388666578	367.295951107716	111.33518744107
347	4.058838883	5.3	NH	24.1712410200263	3.25464006060507	NaN	229.286666666667	185.310038610039
347	3.591779023	72.2333333333333	NH	15.6779622591108	2.17084366098174	NaN	220.555238095238	160.137323037323
347	4.313194605	75.1	NH	14.1419520069938	4.22154758279569	NaN	218.995238095238	142.367181467181
347	4.062282195	75.8	NH	-0.9053304076506	8.91707758411635	NaN	213.064761904762	154.532046332046
347	3.434560755	44.3	NH	1.62764254898821	6.70709831303401	NaN	298.461904761905	173.846718146718
347	6.102365795	4.03333333333333	NH	18.8788131211768	5.90366298218852	NaN	374.626984126984	167.498198198198
347	4.572157594	127.033333333333	NH	10.3389939420352	4.6852454283541	NaN	137.233333333333	69.9859716859717
347	4.144501066	91.6666666666667	NH	0.563370857245087	8.04135068440797	NaN	204.055555555556	111.100386100386
347	4.398241206	69.6333333333333	NH	2.5536991469761	8.27045802453244	NaN	184.640476190476	134.806821106821
347	3.142609215	75.0333333333333	NH	8.30697624228608	6.1331710192377	NaN	250.764761904762	140.225353925354
347	3.611934114	84.4333333333333	NH	15.2557684907237	3.22006341807116	NaN	180.427619047619	115.134234234234
347	2.933994151	8.4	NH	20.2618735411633	2.47032137838608	NaN	194.011428571429	126.302702702703
347	3.002753236	3.73333333333333	NH	22.6165300814018	2.21158260428718	NaN	217.287619047619	114.413384813385
347	3.819864924	34.5	NH	14.1585150289646	3.6672814906816	NaN	228.056190476191	153.700772200772
347	3.286942067	0.8	NH	37.7446047955005	2.24825762356392	NaN	145.367619047619	57.5474903474903
347	3.21451726	67.3666666666667	NH	8.19632054594341	5.15389773285876	NaN	131.658095238095	79.1661518661518
354	2.842273919	80.8666666666667	NH	14.0332335863567	4.38397438361379	NaN	236.557575757576	132.611746811747
354	2.781834315	17.0666666666667	NH	26.4327967371338	3.13139184211299	NaN	115.253333333333	38.0221364221364
354	1.733324597	81.2333333333333	NH	23.1398082509345	2.27509040473008	NaN	109.696190476191	22.1643500643501
354	2.340103181	72.3	NH	30.6368157101809	2.734322023126	NaN	115.236796536796	30.9643032643033
354	2.651139601	17.5	NH	31.2499137310099	4.90187244534794	34.2576317669804	134.137188208617	30.3029049457621
354	2.716035787	17.0666666666667	NH	32.5719062262339	4.01086658406418	27.6533738892719	137.382857142857	25.6978120978121
354	1.634220632	12.5	NH	28.5124533962477	2.32756645233068	NaN	17.6104761904762	10.9440154440154
354	2.524044	75.2333333333333	NH	36.9089630522201	4.9107319448037	NaN	114.10380952381	34.9442728442728
355	5.40285878	88.3333333333333	NH	-12.723751757376	6.9037774690085	74.1610428008634	193.782608695652	100.80549493593
355	5.495854974	96.4666666666667	NH	-9.24849752378005	8.93609119652286	78.8584077246027	144.790476190476	71.5024453024453
355	5.893779628	64.9333333333333	NH	-16.0026961241544	8.45750823677908	70.5000177208997	153.76	116.024195624196
355	7.07337742	28.0666666666667	NH	23.3000873129263	5.22996789275318	NaN	262.352380952381	85.0761904761905
355	5.499387572	68.3	NH	-10.3789640452586	6.85360507521729	73.0485503895871	168.686666666667	103.283011583012
355	5.796470089	70.7	NH	-14.756078058367	9.09771681024584	70.4521283719074	165.745714285714	109.732432432432
355	6.631898869	55.1666666666667	NH	19.2761678983667	5.49530531877276	55.8650603165189	146.875238095238	104.277348777349
355	5.696465604	1.46666666666667	NH	14.3437771531678	6.46876699402219	NaN	124.784761904762	89.8537966537966
355	6.740776098	67.0333333333333	NH	26.9066175338693	8.41684174969375	NaN	131.199047619048	62.1095238095238
355	8.370108469	67.5666666666667	NH	32.1722657865769	3.72834094560692	NaN	162.727674258109	56.5142465446813
355	6.311214819	30.2	NH	3.55276703822257	6.11232870798585	NaN	199.133333333333	153.506563706564
355	0.7769109151	62.2666666666667	NH	12.9496065192052	2.18851650725837	37.3959820910121	101.775238095238	37.9341055341055
355	5.055757536	44.2	NH	-9.43488547907341	8.78789530939443	NaN	162.554285714286	118.533590733591
355	4.602549087	69.2666666666667	NH	-2.56650645141808	13.2900928634001	NaN	152.565714285714	71.9534105534105
355	4.427974193	54.1666666666667	NH	32.9301089096999	9.68245122863327	NaN	74.8809523809524	45.447232947233
355	4.780949837	61.1	NH	7.71174992891427	10.300807283559	68.1863230167662	131.936725801432	72.2976833976834
355	3.927048211	64.7	NH	0.701515592081154	8.7125243071781	NaN	155.829523809524	83.0374517374517
355	4.257209676	18.5666666666667	NH	-7.87255761523078	11.227264214978	NaN	228.27316017316	163.040914940915
355	4.427974193	32.5333333333333	NH	-4.40322442363342	7.42558576867262	NaN	198.080423280423	136.707335907336
355	5.932526157	50.7666666666667	NH	8.88614204841107	5.71780548521759	53.3901421147058	163.465714285714	77.3105534105534
355	4.602549087	42.5666666666667	NH	-10.7887286736403	5.79745846398737	NaN	257.265714285714	178.205534105534
355	4.257209676	9	NH	9.34966460699144	8.61961961439245	NaN	147.552380952381	85.3783783783784
355	4.427974193	22.4333333333333	NH	-11.5143355347445	7.32721153507074	NaN	201.795238095238	157.381338481338
355	3.459977433	56.2666666666667	NH	5.65520392160575	7.61670845868568	NaN	187.135238095238	114.06537966538
355	3.2389934	86.6333333333333	NH	5.88945591048494	6.19338824818176	NaN	147.284126984127	54.4220077220077
355	3.311730946	68.9	NH	6.44717869481942	9.97770449011124	NaN	164.387619047619	88.057528957529
355	2.198762385	79.8	NH	35.1705479152972	3.47719887533653	NaN	110.535238095238	21.6671814671815
355	2.877605159	86.4	NH	31.3165502260802	2.44061940719428	20.6506776132922	128.582857142857	38.3876447876448
355	3.084349458	47.8666666666667	NH	7.97274587892364	9.03036979211112	NaN	143.954285714286	68.4422136422136
355	3.299334586	6.36666666666667	NH	31.6464465419019	5.30232388009558	NaN	105.004761904762	46.3900900900901
355	3.084349458	63.2	NH	19.5283014344792	6.54280261725619	NaN	163.192380952381	75.6416988416988
355	3.299334586	86.6666666666667	NH	10.9797798752353	13.2421899124556	NaN	127.846153846154	52.1512721512722
355	NaN	52.3333333333333	NH	NaN	NaN	NaN	NaN	NaN
355	7.414965493	41.7666666666667	NH	24.8424179170995	5.0399547407751	NaN	197.208571428571	104.457271557272
355	7.186239553	30.5	NH	48.5594326109369	4.00523763459309	NaN	90.1780952380953	16.1100386100386
355	1.052527707	81.9	NH	34.0500443104078	1.63067769614848	13.6217151487179	114.972380952381	38.6405405405405
355	1.173487823	86.6666666666667	NH	20.3658267435279	3.04246295975265	NaN	109.649523809524	61.055341055341
355	1.133797439	63.4666666666667	NH	19.7900847349669	2.85136118458868	NaN	119.036190476191	65.3981981981982
355	1.094912572	65.0333333333333	NH	29.9500503880533	1.33112955673687	12.501850437372	82.8289115646258	60.1390329104615
355	1.213987722	66.1333333333333	NH	18.1667556042622	3.69806404047211	NaN	96.6497354497354	82.5153153153153
355	1.34038343	74.2333333333333	NH	23.6798888072604	6.24779734519156	NaN	134.094285714286	54.7241956241956
355	5.402310572	52.4666666666667	NH	48.8348544372492	11.1132168180399	NaN	77.3847619047619	12.228314028314
355	6.206297353	45.3333333333333	NH	21.9698841763396	6.60453888864704	NaN	130.777777777778	43.7593307593307
355	1.379115193	69.3666666666667	NH	29.728816783385	6.42480071665656	NaN	91.3723809523809	23.9924066924067
355	1.658721421	72.3333333333333	NH	40.1707541145185	5.87233158248321	35.1033608586196	106.65873015873	13.5418275418275
355	2.079177187	18.5333333333333	NH	32.674722811514	2.59988515759499	15.4860131269565	44.6412698412698	38.1912483912484
358	3.254048792	22.7333333333333	HI	41.2643296582036	3.41695589278021	12.2803069111802	82.5523809523809	61.1469755469755
358	4.709846964	72.6666666666667	HI	8.29717533279358	4.75291179141855	48.4779179579829	179.884057971014	63.1063734541995
358	7.478924993	61.2	HI	34.8174248805296	3.05830704935951	25.5718205723156	201.675079365079	93.4486486486486
358	1.129312863	20.2666666666667	HI	49.5155374985553	1.09846401347784	8.47561301179536	19.4933333333333	24.0422136422136
358	0.8744338082	43.5	HI	36.1766978750083	1.17476343932215	9.90015476641259	53.2847619047619	75.496138996139
358	1.610017957	43.1	HI	60.7033629118713	1.07801067130734	7.53839694606234	25.7228571428571	5.79575289575288
358	1.468967189	23.7666666666667	HI	56.4133011065143	1.28789522791274	14.2214711029331	5.04476190476191	2.68893178893179
358	3.604231056	58.8	HI	58.2560419981613	2.87900936740108	7.42965699805195	197.885714285714	100.103474903475
358	NaN	54.9	HI	NaN	NaN	NaN	NaN	NaN
358	5.631497897	79.8	HI	32.3472464732801	11.3708266139819	43.8425857008847	128.376870748299	28.8321014892443
358	4.691270275	3.43333333333333	HI	44.9601017211033	3.10584586289982	14.1546190712162	89.02	20.1651222651223
358	1.094371421	45.4333333333333	HI	47.1716036512355	0.940695602906441	3.95284085480309	56.4447619047619	30.7056628056628
358	1.411125882	38.4333333333333	HI	55.7673310187308	0.922244450651364	-0.667467184550233	2.54285714285715	10.4662805662806
358	NaN	1.36666666666667	HI	NaN	NaN	NaN	NaN	NaN
358	NaN	15.2333333333333	HI	NaN	NaN	NaN	NaN	NaN
358	2.040634161	44.6333333333333	HI	54.3651985418696	0.993959389814545	0.378459972155596	37.1380952380953	-6.33217503217503
360	1.825911607	51.5	HI	41.0026080512516	2.28837818897822	17.3378576219865	85.4219047619048	41.6891891891892
360	4.025167071	57.7333333333333	HI	39.2673677667927	2.89561599572838	18.9085624091554	286.190476190476	142.143114543115
360	3.767618626	59.7	HI	40.9122336583402	3.53678981685109	16.9283929890805	240.204761904762	108.438996138996
360	2.499123799	30.3666666666667	HI	50.2199666075493	1.03951167530135	6.07762450182357	102.815406162465	26.049413278825
360	1.56691828	68.1	HI	43.9507736723471	1.7214864392303	23.91415387395	71.2846153846154	31.6623997623998
360	1.383538567	7.23333333333333	HI	56.8625611164621	1.59181264019508	19.6426416528317	-1.15465838509317	-4.27882603099994
360	1.996080393	1.7	HI	69.5852290861171	1.10837637475195	0.562829473239731	-0.183809523809524	0.585714285714286
360	1.411125882	6.03333333333333	HI	66.6209876066582	1.23549587816338	13.8444541431789	-6.03333333333333	-6.03333333333333
360	1.411125882	36.9666666666667	HI	49.5098764955471	1.32183534918956	12.8869369093117	-15.252380952381	-7.08249678249678
360	1.366847073	24.7666666666667	HI	43.7646934524758	3.06841349191894	22.4637356772523	32.0561904761905	29.3337194337194
360	1.456235365	18.1	HI	64.5371300127787	1.06441423542139	1.92948725553178	1.95333333333333	-8.63281853281853
360	1.456235365	28.1666666666667	HI	62.0926855683343	1.073751092199	9.13310343785368	9.90952380952382	18.5669240669241
360	1.366847073	31.5333333333333	HI	51.3202490080313	1.16445403381899	12.3762330666805	41.3276190476191	24.4512226512226
360	2.008244458	24.9	HI	62.2132323758847	1.06587941243643	1.46771037250047	-5.38380952380952	-12.9772200772201
360	1.696345465	41.3333333333333	HI	56.1820846274937	1.06307692547307	13.776627715918	11.6853002070393	-1.7328632980807
360	0.8320128448	24.7333333333333	HI	66.2217809100626	1.42751063121842	18.1030051578244	-12.3180952380952	-16.409009009009
360	1.456235365	27.9	HI	62.7593522350009	1.16330219793763	5.4828496004374	10.8733333333333	4.25444015444015
360	0.9335208735	57.4666666666667	HI	62.3961259810743	1.36951928046709	21.2859422066656	22.4380952380952	-24.9570141570142
360	1.157784005	36.5	HI	61.2665720514845	1.41227040779252	NaN	-3.14	-13.8127413127413
360	1.366847073	31.6	HI	68.6535823413647	0.984113615942019	7.653791208562	10.6704761904762	-4.60386100386101
360	1.197965106	11.2333333333333	HI	64.40152599077	1.30092754471452	NaN	-6.42190476190476	-7.06344916344916
360	1.157784005	26.6	HI	59.4887942737067	2.33768724926525	19.3861650206185	22.352380952381	-4.76216216216217
360	1.238958112	54.6333333333333	HI	56.7110893382059	1.79368134976975	30.968931103901	14.9247619047619	13.0732303732304
360	1.238958112	47.3333333333333	HI	68.2666448937614	1.06160013805082	7.2794915221907	32.2133333333333	-17.2329472329472
360	NaN	36.1333333333333	HI	NaN	NaN	NaN	NaN	NaN
360	1.335433097	28.1333333333333	HI	60.4934174349874	1.57332481557647	19.2543756791233	9.14285714285715	-7.62368082368083
360	1.379115193	41.7333333333333	HI	66.9773808410066	1.9663872795521	17.1554975808327	9.9157894736842	-10.9469078100657
360	1.335433097	44.9333333333333	HI	67.8267507683207	1.02721814149975	4.32574602439055	46.9828571428571	0.101415701415696
360	2.355831896	93.1333333333333	HI	70.9256593295307	1.2931362808646	14.7243604824903	102.104761904762	-4.87078507078509
361	6.911842149	104.733333333333	HI	61.6088061896245	2.34483441777873	7.2312543081439	244.862857142857	43.3284427284427
361	6.369666559	1.06666666666667	HI	74.5374595922466	2.0339276577002	21.2871442282755	30.6438095238095	-0.294465894465894
361	3.943846685	97	HI	44.6376945595934	4.49933440718439	15.6958383130721	273.605714285714	104.930501930502
361	3.326978166	50.8333333333333	HI	50.089561813159	3.25587409854266	3.78021105431686	232.945714285714	96.2245817245817
361	3.846864221	62.4666666666667	HI	54.040702811679	2.94118679537992	13.5120007946884	281.458145363408	100.467696267696
361	3.09627822	28.2666666666667	HI	62.384806961368	1.90049185616099	-4.32795268002138	82.5523809523809	13.2005148005148
361	3.535490887	70.6333333333333	HI	60.4620743428452	2.51392199335057	9.92568397081404	175.232467532467	60.5705978705979
361	3.489988026	61.9333333333333	HI	58.2757748566377	2.35684858717492	-1.13193265860161	207.561904761905	95.1451737451737
361	3.054101812	1.73333333333333	HI	78.7667622214617	1.54637479595558	0.137427922975419	24.4838095238095	1.47902187902188
361	3.195713706	37.0666666666667	HI	58.7646703336535	2.21440195643109	2.37782408072594	210.457142857143	64.6707850707851
361	2.933994151	16.6666666666667	HI	67.1164956774679	2.63914003575101	4.00665411895882	157.354497354497	68.6186186186186
361	2.866145519	3.8	HI	74.9566571155146	1.62006868981811	-9.62313555793931	59.3771428571429	27.165250965251
361	3.21451726	6.93333333333333	HI	66.2808300079148	2.53454161994191	5.911696143556	160.255238095238	34.5492921492921
361	4.661052919	82.1333333333333	HI	61.2403132308725	2.71901865910615	24.0126054810713	165.038827838828	33.7264825264825
361	3.585886603	1.1	HI	77.0689600367381	3.22718949224623	24.5786220200387	118.792857142857	12.7513513513513
361	3.002753236	4.23333333333333	HI	75.7537570710913	2.02116572468944	2.95088904944362	134.235238095238	23.2570141570142
361	3.740937317	20.8	HI	56.2821425623774	3.78258036932364	32.9104951829136	380.121904761905	113.949034749035
361	3.360289139	6.3	HI	73.9682836038744	2.33465668523857	15.4175995345988	82.267619047619	7.73861003861004
361	3.072425193	20.3	HI	60.1824654276997	2.68247220147767	6.49424278427591	268.964761904762	70.0320463320463
361	5.306748616	49.4666666666667	HI	49.1661247555308	4.1793090288954	32.8019179546094	299.459047619048	97.4522522522522
361	5.211609044	76.0666666666667	HI	65.315440883052	4.33045565123257	23.6677351861289	152.110204081633	24.7055341055341
361	5.597997935	9.8	HI	82.9059673713898	2.42654294312658	-5.28364691155031	59.0190476190476	1.44324324324324
361	5.40285878	79.1333333333333	HI	66.5967198255488	4.75605794618944	6.3831439504573	190.641904761905	27.6311454311454
361	1.797600809	13.9	HI	82.2704273305835	NaN	-17.6401038345293	-1.52285714285714	-4.91158301158301
361	1.598495508	34.7	HI	78.4652569664462	2.33341796757759	-7.36159528265655	9.98571428571429	-24.9084942084942
361	2.010429716	21.9333333333333	HI	80.2768814998138	4.68024627019541	-3.14555129746635	0.196190476190477	-12.2036036036036
361	2.296063152	15.1	HI	75.749872867902	1.84049592949925	11.7787653162433	9.91333333333334	-3.77953667953668
361	1.955924949	23.7333333333333	HI	83.7442842838124	NaN	-10.2564355590429	26.16	6.78404118404118
362	5.302743749	36.8333333333333	HI	32.6203945117002	9.1642638268297	26.2743723433748	225.093406593407	107.033610533611
362	6.098620429	76.3666666666667	HI	22.7746115406906	11.6066167438457	33.7670687297029	274.901904761905	132.142985842986
362	5.398813219	23.8	HI	20.2855317226275	10.3898437240063	40.3562649458135	306.775238095238	167.165250965251
362	6.911842149	26.4666666666667	HI	60.6129546633215	1.04383527126388	2.38783333390583	373.902857142857	95.7238095238095
362	3.863467221	45.8	HI	27.200263292552	9.66752426170825	26.1732946982702	334.469841269841	101.497297297297
362	2.971520222	13.0666666666667	HI	55.3130206581352	2.1938505851069	11.4889906901414	261.779047619048	9.62059202059202
362	7.24909071	64.7	HI	81.1684642716533	2.64041714641066	-0.0726081430575363	158.313333333333	16.8135135135135
362	3.943846685	9.16666666666667	HI	73.8173436365651	2.11164000382224	-8.42592805699225	245.785714285714	5.67503217503218
362	2.040634161	42.2	HI	39.8786620685596	2.75225509621953	16.0700679415039	135.154497354497	106.791848991849
362	0.9191379225	74.7	HI	38.5350104635237	1.80805030804281	20.5493005449091	-6.12141916054959	1.05579532101271
362	1.141432781	0.2	HI	70.1545392130696	1.76218173166764	15.5657427602381	0.695238095238095	3.22857142857143
362	1.985653483	28.7666666666667	HI	55.7122172250535	2.10878974717785	6.87968498532804	2.04857142857143	2.02870012870013
362	1.437512928	0.166666666666667	HI	77.6547897426777	1.25605527903117	12.023719741413	-0.166666666666667	-0.166666666666667
362	1.538072683	2.3	HI	65.80610638638	1.68936843780273	14.720450985083	1.10206349206349	10.3666666666667
362	1.995576807	8.13333333333333	HI	55.7077989498365	1.70820295446442	16.1994054539809	25.4974603174603	48.6208494208494
362	2.106726663	40.7333333333333	HI	58.4977484361838	1.45232524367291	11.6390572336211	-1.46095238095238	-6.10785070785071
362	1.899885076	44.4666666666667	HI	56.4624596189086	1.13500190961834	11.9318103393032	76.2419047619048	56.181981981982
362	1.491485161	9.26666666666667	HI	72.4204101650759	NaN	1.32225216901453	4.11428571428572	-0.2986076986077
362	1.887903947	13.6333333333333	HI	62.9270877636968	1.98344804133472	6.09916357737842	-0.278021978021977	21.4127017127017
367	1.713080784	34.3	HI	57.0685416062024	1.10049216884423	19.8655651237518	15.7714285714286	-21.2449806949807
367	1.902287248	44.1333333333333	HI	53.7238488784665	1.24469746986156	9.08797018476662	11.9580952380952	-14.6970398970399
367	1.646996451	24.1666666666667	HI	57.2166254724565	1.37858289672119	18.8082668905145	28.2474120082816	0.157657657657651
367	NaN	1	HI	NaN	NaN	NaN	NaN	NaN
367	4.309632294	31.3	HI	29.2423344913109	1.46389732453997	15.1387995108315	240.052380952381	137.213513513513
367	6.520125558	42.0333333333333	HI	43.1207719622025	4.74145333250751	25.7296906120285	185.886666666667	38.8469755469755
367	1.744425815	30.5333333333333	HI	40.8115239972445	1.16059179501311	15.0894715170835	69.2081632653061	67.7567935282221
367	1.744425815	22.5	HI	37.2388171675892	1.58804032895699	15.8410871541951	56.2771428571428	59.7702702702703
367	3.211503473	87.1333333333333	HI	56.7338232034081	6.89323899353161	20.2488065949378	145.072380952381	1.82419562419561
367	0.4040588715	63.7	HI	46.0810283676894	NaN	NaN	45.3819047619048	-8.28687258687259
367	1.129312863	36.4333333333333	HI	39.5073019075714	1.44389472619223	15.6621272419649	80.4	32.437323037323
367	1.250538353	44.2333333333333	HI	33.3613597464624	1.61807616903862	17.2297291450146	83.0542857142857	50.9018018018018
367	1.915036453	50.1	HI	66.8333388514754	1.31104885865386	9.09938517225653	41.2242630385487	-1.32265122265122
367	1.335433097	61.5	HI	39.6973367898173	1.33654913449894	15.651161011425	19.2698412698413	25.4208494208494
370	0.9900664815	23.8	HI	35.872341214328	NaN	-0.174198875166262	3.67047619047619	15.5822393822394
370	0.8185895307	32.1333333333333	HI	29.4357993715218	1.43041683603958	20.5635328013695	15.2761904761905	23.5886743886744
370	0.9257715681	44	HI	29.0498488651004	1.40305219816468	16.6621919480946	9.2304761904762	11.6756756756757
370	0.8913320344	32.0666666666667	HI	28.8882187575251	1.44410578085696	19.1157858816301	19.8761904761905	19.0375804375804
370	4.620926565	1.16666666666667	HI	51.2081372406324	3.55405540120292	13.4287753620027	44.4485714285714	7.86808236808237
370	0.8513324837	0.733333333333333	HI	48.4894693260512	1.45330211215466	14.3084829378219	-0.112380952380952	0.40952380952381
370	1.148975953	28.7666666666667	HI	36.0559103698714	2.03397051290748	7.10928086858345	16.2312629399586	15.383073135247
370	1.188977395	40.0666666666667	HI	38.238936886703	1.994110617227	9.61343857836555	32.3980952380952	4.2113256113256
370	1.634220632	29.2666666666667	HI	39.5181050295772	1.14685599829721	10.123441518683	23.8457142857143	-1.99253539253539
370	0.7306977911	26.7	HI	30.7550046829028	1.11613949455991	18.1607111820068	9.83714285714285	8.29613899613899
370	0.8576696369	22.0666666666667	HI	38.3803606798674	1.08691779819567	5.48499033312346	7.3352380952381	-0.460489060489063
370	1.071390222	47.0666666666667	HI	34.5356964334499	1.48294380013157	18.0485988058416	33.7257142857143	-5.42960102960103
370	0.7612986891	5.53333333333333	HI	38.467407917876	1.12270834108889	11.3371968359226	-0.569523809523809	5.50913770913771
370	1.188977395	35.4666666666667	HI	36.9056035533696	2.14835100807472	11.5967288720393	41.5885714285714	14.8499356499356
370	0.9970000454	11.4	HI	29.9456176797145	1.45812935117093	16.8595633625828	-1.16	5.74285714285714
370	1.683347362	22.0333333333333	HI	50.2288490698487	1.22009264107983	9.09426629390242	26.5038095238095	0.978249678249675
370	1.985653483	32.3333333333333	HI	53.3536506651931	NaN	-1.62242856194875	32.1831232492997	-11.3944848209554
370	3.326978166	33.0666666666667	HI	62.1349615136733	2.82398467024476	12.0556643755333	63.3142857142857	6.52471042471042
373	6.453892159	91.4666666666667	NH	18.9903434630151	3.71834742638242	42.6718005666239	217.779047619048	141.44453024453
373	7.530832298	68.1666666666667	NH	14.5659940375252	3.61570990585318	47.3505926782353	266.134285714286	161.346846846847
373	4.931475215	0.3	NH	29.0812958684993	4.87753256317148	NaN	84.8390476190476	42.4953667953668
373	NaN	0.0666666666666667	NH	NaN	NaN	NaN	NaN	NaN
373	6.102365795	0.166666666666667	NH	28.1021378025628	4.1486408068101	NaN	208.355238095238	148.605534105534
373	3.359870257	91	NH	26.1919962745589	4.05372762592939	27.4400403942876	179.106666666667	49.2162162162162
373	NaN	11.5333333333333	NH	NaN	NaN	NaN	NaN	NaN
373	NaN	1.3	NH	NaN	NaN	NaN	NaN	NaN
373	0.7029622121	30.8	NH	22.555601602045	1.47537993032059	24.7861409738275	10.232380952381	-0.931274131274137
373	1.135152159	101.633333333333	NH	25.6695234488128	1.89965774004488	28.734019192238	104.991428571429	5.62535392535389
373	0.8600541465	3.3	NH	21.0658755446115	2.02383599759688	NaN	8.10952380952381	12.4528957528958
373	1.115617217	2.83333333333333	NH	34.9727615756969	2.06767716934424	NaN	4.34126984126984	2.88095238095238
379	0.4315858748	3.63333333333333	NH	22.6939160438306	1.15086892190882	NaN	-0.231428571428572	2.08095238095238
379	0.7494330542	124.8	NH	11.9536280298341	1.91778797251201	NaN	112.007881773399	34.0337105578485
379	NaN	2.8	NH	NaN	NaN	NaN	NaN	NaN
379	0.8271091165	80.0333333333333	NH	9.90982561865712	1.36988483414552	27.2719893560825	108.324302134647	63.789948076155
379	0.9833143338	86.5	NH	10.8633640447534	1.94137501474234	32.2838154212416	76.6657142857143	15.8629343629344
379	NaN	38.7333333333333	NH	NaN	NaN	NaN	NaN	NaN
379	0.8989082468	0.166666666666667	NH	40.418536411604	2.41949766610498	NaN	1.84095238095238	1.65572715572716
379	0.3603904068	94.5666666666667	NH	6.96055415050708	2.65269700060408	NaN	54.2821946169773	0.867276593363528
379	1.34038343	103.066666666667	NH	12.018573766004	2.61857043019707	33.1727689271149	137.340952380952	11.4198198198198
379	1.520474845	101.366666666667	NH	8.63366920556586	3.01234881601958	29.0854637057043	115.981904761905	-4.23925353925353
379	1.713990938	106.3	NH	11.3393237210949	2.47258861938747	27.8575671770886	128.938095238095	-0.323166023166024
379	9.482191427	102.433333333333	NH	26.7090459548512	5.45391058286858	29.4446350620619	228.880952380952	40.3929214929215
379	1.323395311	94.8333333333333	NH	18.5357427671473	1.7903816508635	25.6205436972662	92.9353741496599	1.05745541459825
379	1.323395311	115	NH	18.0912983227029	1.89002469794661	18.1433923690075	86.6342857142857	35.3629343629343
379	0.7681928449	71.1666666666667	NH	7.42394077833127	1.44989959992249	28.5868425444427	98.0104761904762	55.0572715572715
379	0.7681928449	0.0333333333333333	NH	31.6461630005535	1.59853880311189	NaN	1.50571428571429	2.25238095238095
379	0.3914536299	90.2333333333333	NH	10.8610968938902	1.75839193214432	NaN	62.1780952380953	9.9056628056628
379	NaN	76.2333333333333	NH	NaN	NaN	NaN	NaN	NaN
379	9.350392498	73.7333333333333	NH	22.8633283781834	4.19112736373312	35.9426980700021	231.177142857143	53.3709137709137
379	0.8869636541	81.1666666666667	NH	10.0489246236126	2.29251037527626	37.1888113554313	81.0238095238096	26.4626769626769
379	NaN	101.466666666667	NH	NaN	NaN	NaN	NaN	NaN
379	0.7029622121	60.8666666666667	NH	9.31744700146477	1.30558054874448	26.3013080905389	81.312380952381	23.1642213642214
379	9.615016691	80.6	NH	25.629881632863	3.91058448130293	30.409121249045	186.561904761905	33.392277992278
379	0.7635187514	51.5333333333333	NH	5.97533282968881	1.87616771821083	29.7024798227313	68.8971428571429	18.0728442728443
