ChinID	CF_kHz	SpontRate	HearingStatus	thresh_dB	Q10local	TTR_dB	BurstRates_g	BurstRates_d
374	NaN	NaN	NH	NaN	NaN	NaN	NaN	NaN
374	0.5114242781	108.033333333333	NH	15.1443480831886	3.27728482539435	NaN	NaN	NaN
374	0.5114242781	89.9667	NH	15.1443480831886	3.27728482539435	NaN	61.3666333333334	62.6999666666667
374	0.5390832994	116.666666666667	NH	9.87314643801486	4.80022070710496	NaN	59.3333333333334	35.3333333333333
374	0.5143072416	109.4	NH	16.1148307985152	1.66166837718012	NaN	63.9333333333334	61.9333333333333
374	0.4668775275	NaN	NH	14.1618349276799	1.97556413133233	NaN	NaN	NaN
374	NaN	11.0666666666667	NH	NaN	NaN	NaN	26.2666666666667	37.6
374	NaN	99.0333333333333	NH	NaN	NaN	NaN	3.63333333333335	-7.03333333333335
374	1.795553049	97.3666666666667	NH	14.5553742219893	3.27830973378154	34.7789632438177	64.6333333333334	60.6333333333333
374	1.366847073	65.4666666666667	NH	16.0700550891158	3.59605392001548	37.8493169066607	59.2	49.2
374	0.6738090847	0.733333333333333	NH	29.0327958998403	2.46703224981006	NaN	13.9333333333333	11.2666666666667
374	0.6177270957	1.4	NH	25.3664833354503	1.97722502197695	NaN	34.6	23.9333333333333
374	1.953774247	93.5666666666667	NH	23.7957186291548	2.18228197629305	20.7589289815705	68.4333333333334	42.4333333333333
374	1.323395311	81.1	NH	25.5636232780863	1.87822826735464	19.7309776988016	57.5666666666667	55.5666666666667
374	1.005098493	78.8666666666667	NH	13.6752372071865	2.74888558291649	NaN	60.4666666666667	56.4666666666667
374	0.8650737676	91.2	NH	28.3078615611342	1.5122998029595	NaN	43.4666666666667	57.4666666666667
374	1.658721421	81.1333333333333	NH	10.1435030184164	3.81470513167326	36.2398791122047	85.5333333333333	69.5333333333333
374	1.862056413	6.4333	NH	22.0345048169592	2.00446791822902	29.6416526937453	74.2333666666667	42.9000333333333
374	1.423625354	98.8333333333333	NH	24.3774292828207	3.16986462387206	NaN	30.5	21.1666666666666
374	1.379115193	103.4	NH	18.8377304254694	6.10478031405995	NaN	37.2666666666667	27.9333333333333
374	3.124449254	10.3333333333333	NH	27.1116521648119	5.44905150667116	25.4542288169407	13.6666666666667	22.3333333333333
374	1.357132158	76.9	NH	14.4136902622733	3.32157596204601	NaN	60.4333333333333	42.4333333333333
374	1.634220632	93.3333333333333	NH	15.7403644309041	2.22657143691371	27.5020015347372	54.6666666666667	52.6666666666667
374	0.96099276	85.7	NH	14.5049222080893	2.17223918714041	NaN	42.3	37.6333333333333
374	1.689927457	75.3666666666667	NH	13.2853180101557	3.02048438098494	31.8379097565525	73.9666666666667	59.3
374	4.144973038	86.4666666666667	NH	19.2530796109825	4.75802509165516	NaN	38.8666666666667	60.2
374	3.662945261	73.5	NH	32.1333080411247	2.97508865918701	25.8139638602578	30.5	39.1666666666667
374	3.899730207	92.2333333333333	NH	26.7611828218631	3.3219396485316	36.2337992465472	11.7666666666667	53.1
374	1.692273395	64.7	NH	13.2051875548278	2.80535751037438	32.8916609991819	81.9666666666667	66.6333333333333
374	1.791213164	51.4666666666667	NH	15.3736559366695	2.27100054140139	30.5239530069043	115.866666666667	69.2
374	4.780949837	0.2	NH	27.8694076135503	4.18161536719799	NaN	1.8	5.13333333333333
374	4.780949837	0.1	NH	26.536074280217	4.23310208821593	NaN	2.56666666666667	6.56666666666667
374	4.514784368	29.2	NH	19.4211641938925	3.79825087454034	42.0106855769908	56.1333333333333	82.8
374	6.034829701	89.4	NH	16.3289302426634	4.06390914166633	40.346805514196	23.9333333333333	34.6
374	4.090239729	57.5666666666667	NH	22.245430437097	4.55450593963102	NaN	24.4333333333333	48.4333333333333
374	4.173251382	66.0666666666667	NH	18.8007697419068	4.90234958973057	NaN	38.6	61.9333333333333
374	4.173251382	84.6333333333333	NH	15.0229919641291	4.80211434299794	NaN	43.3666666666667	54.0333333333333
374	3.054101812	56.9333333333333	NH	21.4283912568339	6.29236377149467	27.6286629157178	40.4	59.0666666666666
374	3.195713706	18.4666666666667	NH	30.0297802134317	2.96465387257718	NaN	36.2	30.8666666666667
374	2.051227221	73.3	NH	23.0596967477223	2.54706621094054	28.6030210955928	59.3666666666667	32.7
374	1.888391585	10.7333333333333	NH	21.0520372307256	2.70935819290863	NaN	83.9333333333334	60.6
374	2.051227221	93.7667	NH	24.1708078588334	3.08232976573183	29.2974731285053	42.2333	20.8999666666667
374	1.784155586	72.8333333333333	NH	13.700216009544	2.48743895736439	36.203284640009	100.5	73.8333333333333
374	0.9257715681	95.9	NH	16.1036127680059	1.86603927350103	NaN	56.1	72.1
374	1.129312863	76.8333333333333	NH	17.6271635746106	4.13906535686037	32.2718733856609	51.1666666666667	47.8333333333333
374	1.468967189	70.2	NH	24.0154731241504	1.80245226042068	19.4883675462722	37.8	56.4666666666667
374	0.7494330542	108.266666666667	NH	14.8172876963275	2.38102296615399	NaN	54.4	68.4
374	0.4374261971	89.4	NH	15.6476815649831	1.39036366467969	NaN	65.2666666666667	83.2666666666667
374	0.4794901165	80.1666666666667	NH	12.0863786209397	1.82545899177804	NaN	13.1666666666667	57.1666666666666
374	3.846864221	27.6	NH	12.6198639393322	6.21657440584739	NaN	41.7333333333334	91.7333333333333
374	1.955924949	88.8	NH	18.2848292530273	3.17060610723036	34.1140972397054	85.2	45.8666666666666
374	1.746545838	68.7	NH	16.6193830553292	2.89411740377213	32.4487345763103	104.633333333333	56.6333333333333
374	0.7681928449	56.9	NH	12.7940662577497	1.84992602669153	NaN	92.4333333333334	81.7666666666667
374	0.6781443263	88.1666666666667	NH	17.3543247590656	2.40762987174345	NaN	51.8333333333334	71.8333333333333
374	1.079841632	1.76666666666667	NH	25.7830931681041	2.87187605006878	NaN	25.5666666666667	20.2333333333333
374	1.238958112	62.6	NH	17.7412196793313	2.27536567155385	33.9254830660882	73.4	56.0666666666666
374	1.238958112	83.6	NH	16.6301085682202	2.00930002045738	NaN	72.4000000000001	43.7333333333333
374	0.9689161501	83.4333333333333	NH	12.2028393792242	3.29995324587269	NaN	63.9	48.5666666666666
374	1.042072236	97.7666666666667	NH	19.6852028338724	3.73073653532206	NaN	26.2333333333334	25.5666666666666
374	1.079841632	110.933333333333	NH	20.671982056993	3.29613410007266	NaN	13.7333333333333	15.7333333333333
374	1.042072236	92.3666666666667	NH	16.3518695005391	2.94704913637861	NaN	32.3	30.9666666666667
394	0.5125605558	51.9666666666667	NH	-6.29360291699031	1.99997704473261	NaN	NaN	NaN
394	0.2378841922	NaN	NH	25.9604530281755	NaN	NaN	NaN	NaN
394	0.5947909854	65.6	NH	-0.105137070872868	1.37764954189264	NaN	NaN	NaN
394	1.042072236	64.1	NH	6.27043692038476	1.50133508807378	26.4024939411562	111.1	107.1
394	0.9689161501	12.5	NH	20.4826557106307	1.28078691456557	19.1837121728653	61.9	76.3
394	1.005098493	0.5	NH	18.3496405757762	2.57646215976195	22.2473425702964	NaN	NaN
394	1.835843532	53.6666666666667	NH	15.6761038804701	2.62868822188675	18.2321087849768	111.133333333333	63.1333333333333
394	1.033797776	27.3666666666667	NH	7.10003059963178	2.06091710752654	27.7753721636542	113.433333333333	110.233333333333
394	1.071390222	37.2666666666667	NH	9.89566851665029	2.51005563020489	31.5932135809359	138.733333333333	112.333333333333
394	1.033797776	65.3666666666667	NH	3.10003059963178	2.4823490029485	27.2793548042488	86.6333333333334	86.6333333333334
394	0.8247797648	61.8333333333333	NH	5.9173015267128	1.51446687274523	25.5401955013815	102.966666666667	99.7666666666667
394	0.9257715681	48.7333333333333	NH	5.98881403760434	1.8290539814274	27.2471072840373	NaN	NaN
394	0.7926577149	17.4	NH	7.95492998706992	1.64272674173657	23.5853421573685	149	137
394	9.089868387	61.8333333333333	NH	21.4188024006477	3.78780683391912	38.0063872004522	39.7666666666667	-1.03333333333334
394	1.610017957	59.1333333333333	NH	11.9373239660074	1.34347986387625	16.5547592401814	120.066666666667	101.666666666667
394	1.915036453	62.6666666666667	NH	12.76594093284	3.34050561756742	25.3535539610984	136.463768115942	92.1159420289855
394	1.915036453	1.5	NH	30.0992742661733	1.92592653417047	17.7589707773767	60.1	52.9
394	1.209318172	60.2333333333333	NH	11.8485729599897	1.6056738711384	16.7977485175184	146.166666666667	126.166666666667
394	0.9789297734	9.9	NH	14.5832134686648	1.43878413536878	17.3764096948299	154.1	125.3
394	1.423625354	62.5666666666667	NH	12.8028257750257	1.20167003863064	19.8000725392949	132.633333333333	118.233333333333
394	1.090519796	31.6333333333333	NH	11.1441658338213	1.46564610159668	33.6563672122582	136.366666666667	98.7666666666667
394	1.379115193	67.3	NH	12.8270037416016	1.30475464855476	20.4813040431118	96.7000000000001	99.9
394	1.335433097	36.5	NH	15.7860692556546	1.10011757069625	12.621781924464	160.3	139.5
395	5.553497132	6	NH	27.5848129702511	5.15795550256395	48.6327680334796	7.6	28.4
395	NaN	1.7	NH	NaN	NaN	NaN	NaN	NaN
395	NaN	86.5333333333333	NH	NaN	NaN	NaN	NaN	NaN
395	NaN	112.666666666667	NH	NaN	NaN	NaN	NaN	NaN
395	3.050841847	63.0333333333333	NH	23.7130788717119	3.05586103269041	28.3838362429417	48.1666666666667	130.566666666667
395	1.033797776	55.8666666666667	NH	18.7199054033186	1.18176065501243	18.6784221799131	107.333333333333	98.5333333333333
395	1.033797776	67.6	NH	21.164349847763	1.41040487990035	19.0199864807379	NaN	NaN
395	0.4206894036	0.466666666666667	NH	33.230369735969	1.26390063356876	NaN	26.7333333333333	47.5333333333333
395	0.3788825694	57.6	NH	24.7728253378046	1.28051237616206	NaN	64.8	102.4
395	0.4100021523	32.6666666666667	NH	34.7382441505458	NaN	NaN	-0.666666666666657	23.3333333333333
395	0.8086515233	NaN	NH	24.6039162297364	1.13801908206993	22.2357385704482	NaN	NaN
395	NaN	NaN	NH	NaN	NaN	NaN	NaN	NaN
395	9.615016691	0.366666666666667	NH	28.7072615027021	5.331523986312	53.2066172889041	1.23333333333333	0.433333333333333
395	9.883751431	84.2666666666667	NH	14.7933812427299	5.77853663236217	49.6713462093347	38.1333333333334	3.73333333333333
395	1.446151912	60.8333333333333	NH	12.8394684561481	2.28727021940934	25.5187219789505	125.566666666667	105.566666666667
395	0.8247797648	NaN	NH	12.4845346873038	1.49754850279062	31.2996237064203	NaN	NaN
395	1.168910987	78.5333333333333	NH	13.5473205714545	1.92357836482884	28.1920733423717	NaN	NaN
395	4.372250203	73.3333333333333	NH	24.3812610769959	2.918555735435	35.3739724418774	39.4666666666667	97.0666666666667
395	4.427974193	84.3	NH	23.8089898658469	3.51000927633225	30.0945986444459	44.5000000000001	90.1
395	7.363506657	5.13333333333333	NH	20.1427241281348	4.98116712750117	49.3738219206724	77.2666666666667	96.4666666666667
395	0.7612986891	0.5	NH	27.9543819922902	1.81031666960343	27.5369511222902	44.3	47.5
395	1.357132158	0.166666666666667	NH	38.6402225638944	2.2604644784497	NaN	9.43333333333334	10.2333333333333
395	1.357132158	76.5	NH	13.9735558972277	2.08602301311835	24.6844434900219	104.3	85.1
395	NaN	90.9666666666667	NH	NaN	NaN	NaN	NaN	NaN
395	9.089868387	86.2333333333333	NH	6.99395839718044	5.76806165345013	57.6048808692067	85.7666666666667	66.5666666666667
395	1.357132158	61.8666666666667	NH	13.306889230561	1.9980432876376	33.8355298787866	42.9333333333334	68.5333333333333
395	1.313863453	0.0666666666666667	NH	33.2780249812393	2.29875277102846	27.6891901977329	16.7333333333333	16.7333333333333
395	0.562725678	34.2333333333333	NH	14.7628821162479	1.10304856184676	34.1679134140551	126.566666666667	140.166666666667
395	1.446151912	83.3333333333333	NH	14.6172462339259	1.68558334359954	22.1579608037492	106.266666666667	92.6666666666667
395	1.071390222	35.6	NH	12.6493196910049	1.82712297328978	27.4392157644696	127.6	112.4
395	1.271417278	70.9	NH	15.5764699880696	1.80296355620903	22.4937884263814	115.5	81.1
395	1.071390222	61.9666666666667	NH	15.0937641354494	1.31556001530198	30.3713356379331	NaN	NaN
395	0.7612986891	NaN	NH	33.5099375478457	1.35742054381652	NaN	NaN	NaN
395	0.7306977911	17.4	NH	17.6605564498106	1.05421486778031	30.3201549375846	145.8	117
395	3.192368173	57.1333333333333	NH	20.5586630241533	2.90179648953491	26.9228328590774	111.666666666667	158.066666666667
395	0.45612685	1.66666666666667	NH	28.5191870592371	1.44200197340242	NaN	58.3333333333333	92.7333333333333
395	1.094371421	50.3666666666667	NH	14.4837958823105	2.09344803983737	20.6743251801272	130.433333333333	104.833333333333
395	1.888391585	9.76666666666667	NH	25.2063824470989	1.51314161889749	17.4954322855044	132.633333333333	73.4333333333333
395	0.6157739299	64.1	NH	13.9218310921603	1.38237602193163	26.9710066659559	111.9	134.3
395	9.615016691	63.2333333333333	NH	14.4850392804799	5.48338304355858	46.8695353854529	73.5666666666667	33.5666666666667
395	0.9825424037	2.16666666666667	NH	24.2056666186036	1.37392193334321	29.6427930536356	87.4333333333334	81.8333333333333
395	0.4100021523	29.2666666666667	NH	18.2937997061014	1.22897314079283	NaN	101.133333333333	148.333333333333
321	5.696465604	82	NH	7.65283597007895	6.5017038851911	NaN	87.6000000000001	102
321	5.897453827	72.2	NH	-2.09530431213422	11.7351632279033	54.2593763670105	93.4	113.4
321	4.342116617	19.2666666666667	NH	0.17374898952317	10.7759225866545	54.5967222185192	226.333333333333	264.733333333333
321	4.96319161	92.4666666666667	NH	15.1395764182253	3.98257515757728	40.8276150139466	64.3333333333334	85.9333333333334
321	5.243788625	13.4666666666667	NH	6.18148618529548	9.53549378806527	NaN	119.333333333333	194.533333333333
321	5.243788625	13.0333333333333	NH	18.8481528519621	4.37743576993201	39.8070167536565	128.566666666667	200.566666666667
321	4.090239729	85.3	NH	-9.69905068266025	8.34722384923796	60.0416363041503	99.5000000000001	117.9
321	3.535490887	3.96666666666667	NH	12.8991282056133	5.30739668997365	44.1128901643884	108.033333333333	190.433333333333
321	4.228609837	4.73333333333333	NH	15.8659941850008	5.33036528456624	NaN	148.066666666667	213.666666666667
321	4.144973038	102.333333333333	NH	-3.13040814966208	5.70011601470219	NaN	133.666666666667	137.666666666667
321	4.144973038	1.9	NH	21.3140362947824	4.51840508214276	NaN	76.5	154.9
321	NaN	0.533333333333333	NH	NaN	NaN	NaN	29.8666666666667	21.0666666666667
322	3.475609728	4.9	NH	8.79882383137334	5.09470889983411	52.7839281308402	111.9	175.9
322	3.326978166	6.7	NH	8.11626859030612	6.69271588092881	NaN	126.1	170.1
322	8.934560923	60.8	NH	2.22058536880325	7.03189309884986	NaN	93.6000000000001	68.8
322	7.705316109	81.5666666666667	NH	1.81580927888827	10.4914259351071	NaN	148.033333333333	131.233333333333
322	9.652190431	74.3333333333333	NH	16.3299151679393	4.54389415856348	NaN	52.8666666666667	31.2666666666667
322	9.786329755	34.9	NH	20.1859265693054	4.50345055725887	NaN	98.7	57.9
322	6.308662272	44.1666666666667	NH	-0.903020397762388	10.1885538976649	NaN	99.8333333333334	152.233333333333
322	2.864131286	41.8	NH	2.35422952081826	4.40873437201665	44.602993964511	130.2	157.4
322	4.257209676	7.6	NH	4.87141617659716	7.1393524181797	NaN	137.2	191.6
322	5.149289271	10.3	NH	8.86663608070904	4.51906141629419	NaN	152.1	205.7
322	8.438533664	97.9333333333333	NH	19.1381510803087	4.2734893930267	44.1535982521591	43.6666666666667	58.8666666666667
322	9.063076815	87.7	NH	16.9794198496056	4.87148329821338	NaN	107.5	84.3
322	9.063076815	62.0666666666667	NH	3.20164207182779	11.1936740598294	NaN	77.1333333333334	72.3333333333333
322	5.302743749	59.0333333333333	NH	6.64002410617219	7.79021951121807	NaN	55.3666666666667	120.966666666667
322	7.128534282	0.633333333333333	NH	35.178286709762	4.76582324335677	NaN	23.3666666666667	96.9666666666667
322	6.576733872	70.9666666666667	NH	13.5265079037037	5.9736717572697	NaN	82.3666666666667	125.033333333333
322	8.307265413	2.86666666666667	NH	25.3947726527702	4.38801488848543	NaN	92.3333333333334	71.5333333333333
322	7.023259975	8.33333333333333	NH	20.8077251863848	4.51780646331421	NaN	88.4666666666667	179.666666666667
325	4.657330784	21.1666666666667	NH	17.4047128259065	4.39328732225328	NaN	42.8333333333333	123.633333333333
325	4.657330784	17.1333333333333	NH	4.73804615923981	7.71835707236069	NaN	98.0666666666667	206.866666666667
325	4.657330784	21.0666666666667	NH	6.73804615923981	5.65079811026023	NaN	95.7333333333334	166.133333333333
325	3.977131455	17.1	NH	7.57098434144718	5.61535221955042	NaN	143.7	211.7
325	3.816539839	25.0333333333333	NH	8.69729724758476	4.52606094538542	NaN	146.966666666667	195.766666666667
325	2.931133715	97.1666666666667	NH	6.27625998580465	5.12738356650925	NaN	72.4333333333334	90.0333333333333
338	6.15315009	1.86666666666667	NH	-11.3638482987935	7.95352191335953	71.454737691076	191.733333333333	252.533333333333
338	7.705316109	43.2	NH	34.6951181392394	3.52977976355708	25.8441387350248	76	112
338	6.685104632	23.7333333333333	NH	38.5752837813678	2.4573858016856	NaN	49.8666666666667	125.866666666667
338	6.469354636	0.7	NH	38.856926614103	2.81138979606032	NaN	39.3	132.1
338	1.996080393	40.5	NH	-14.6734817660219	3.88210056930432	NaN	167.5	156.3
338	5.435697359	9.5	NH	-10.8520144482037	5.95356823229181	NaN	118.5	142.5
338	5.495854974	76.2333333333333	NH	-0.278078927305783	11.9988670437348	NaN	32.1292397660819	65.287134502924
338	3.816539839	58.0666666666667	NH	-15.4222030771243	4.47359827144829	NaN	133.933333333333	157.933333333333
338	1.644947748	77.8333333333333	NH	2.7990627620301	5.10289899846736	NaN	78.9666666666667	77.3666666666667
338	1.627583876	78.1333333333333	NH	25.0427241606469	2.69082649685886	NaN	26.3	24
338	3.977131455	0.6	NH	51.4620582464228	2.06610302627897	NaN	3.84444444444445	9.4
341	4.309632294	84.8	NH	-11.992951249134	9.99806614001439	53.6294955987153	98.4000000000001	133.6
341	3.977131455	86.8	NH	-12.3202478500813	8.97853205073127	NaN	104.311111111111	124.311111111111
341	3.582678948	86.1	NH	3.71805646894375	5.1230245101476	NaN	64.9000000000001	82.9000000000001
341	4.395127191	11.5666666666667	NH	8.94372507262923	7.52563098218263	NaN	151.633333333333	212.433333333333
341	4.568974493	25.1333333333333	NH	17.1157595255166	4.82241833445834	NaN	72.4666666666667	108.466666666667
341	3.283889696	87.6	NH	-3.60970362757007	6.2614993347464	NaN	75.6000000000001	124.4
341	1.456139686	43.9	NH	5.05989539154542	4.45141896158087	NaN	88.1	115.3
341	9.991380628	9.73333333333333	NH	45.5398671987319	3.51885236538622	33.2311577231403	0.66666666666667	-4.13333333333333
341	0.3890989803	0.933333333333333	NH	29.8067941468292	1.52506287634531	NaN	52.6666666666667	78.2666666666667
341	3.509759167	96.4333333333333	NH	33.2749031690619	3.47475117006791	NaN	8.36666666666669	31.5666666666667
341	5.020351289	9.33333333333333	NH	29.1051902765006	3.15526827893666	NaN	73.8666666666667	133.066666666667
341	1.900059238	88.4	NH	29.8289882021333	2.21978091722533	22.2625738198796	46	34
341	5.113514577	94.3666666666667	NH	24.0875356907011	4.90994237063329	NaN	30.4333333333334	37.6333333333334
341	3.659698553	79.8333333333333	NH	20.0870519345621	3.62613640719271	NaN	32.9666666666667	50.5666666666667
341	4.225087277	79.8666666666667	NH	7.39975724539807	4.29099061563906	NaN	97.7333333333334	129.733333333333
343	5.398813219	36.1666666666667	NH	16.0073211970556	5.88431863267929	NaN	89.0964912280702	161.728070175439
343	5.398813219	27	NH	14.2295434192779	6.08636378862841	NaN	89	173.8
343	4.602549087	23.5666666666667	NH	9.66216035131478	6.53963063054057	NaN	134.833333333333	174.833333333333
343	5.402310572	58.9666666666667	NH	18.6289900186279	6.42179722527277	NaN	54.6333333333334	110.633333333333
343	5.499387572	52.7333333333333	NH	19.5608241289461	5.65358095492233	NaN	64.0666666666667	124.066666666667
343	6.631898869	53.3666666666667	NH	23.290454383924	5.17110242307708	NaN	93.8333333333334	134.633333333333
343	6.740776098	27.9	NH	22.9772467579878	5.11546231909294	NaN	96.7153846153846	149.023076923077
343	7.363506657	13.8333333333333	NH	20.1468848495675	5.10584581340265	NaN	111.766666666667	133.366666666667
346	11.2592202	25.6333333333333	NH	41.072181762647	3.689610428704	NaN	-5.63333333333333	-6.43333333333333
346	4.290964766	68.4333333333333	NH	14.315050889622	6.48893877047661	NaN	65.852380952381	68.7095238095237
346	5.207644796	92.8666666666667	NH	19.0408174481133	5.68665612862071	NaN	22.3333333333334	49.5333333333333
346	4.062282195	35.6	NH	13.4309203924899	4.69688287236138	51.3013793278725	113.566666666667	141.9
346	3.740937317	91.3666666666667	NH	24.9268198337322	3.01764008434659	NaN	57.2047619047619	64.347619047619
346	3.740937317	32.8666666666667	NH	35.1490420559544	2.88469040610976	NaN	16.7333333333333	29.5333333333333
347	NaN	27.5666666666667	NH	NaN	NaN	NaN	125.233333333333	116.433333333333
347	5.306205922	104.133333333333	NH	26.4159525044748	5.3794616251429	34.2973701306928	-0.133333333333312	31.0666666666667
347	5.116906584	92.1333333333333	NH	28.378927577275	9.07480275303016	39.4205958604377	-8.93333333333332	41.4666666666667
347	4.312711872	104.166666666667	NH	14.8122896680058	6.55044898352799	47.4695591426147	9.83333333333336	59.8333333333333
347	5.893779628	1.06666666666667	NH	35.9409373614717	2.77378425899669	27.9368997627587	-0.266666666666666	54.1333333333333
347	7.069308903	5	NH	41.665696757195	3.88532396004179	32.8993639567804	3.8	30.2
347	6.202516313	11.4	NH	34.2926066427383	6.10252041312959	31.9007388666578	11.220320855615	103.270231729055
347	4.058838883	5.3	NH	24.1712410200263	3.25464006060507	NaN	92.3	133.9
347	3.591779023	72.2333333333333	NH	15.6779622591108	2.17084366098174	NaN	116.566666666667	127.766666666667
347	4.313194605	75.1	NH	14.1419520069938	4.22154758279569	NaN	79.3000000000001	116.9
347	4.062282195	75.8	NH	-0.9053304076506	8.91707758411635	NaN	96.2000000000001	152.2
347	3.434560755	44.3	NH	1.62764254898821	6.70709831303401	NaN	147.7	151.7
347	6.102365795	4.03333333333333	NH	18.8788131211768	5.90366298218852	NaN	49.3	145.3
347	4.572157594	127.033333333333	NH	10.3389939420352	4.6852454283541	NaN	36.9666666666667	50.5666666666667
347	4.144501066	91.6666666666667	NH	0.563370857245087	8.04135068440797	NaN	75.8333333333334	99.1666666666666
347	4.398241206	69.6333333333333	NH	2.5536991469761	8.27045802453244	NaN	75.3666666666667	94.1166666666667
347	3.142609215	75.0333333333333	NH	8.30697624228608	6.1331710192377	NaN	113.766666666667	130.566666666667
347	3.611934114	84.4333333333333	NH	15.2557684907237	3.22006341807116	NaN	88.3666666666667	93.9666666666666
347	2.933994151	8.4	NH	20.2618735411633	2.47032137838608	NaN	77.2	125.2
347	3.002753236	3.73333333333333	NH	22.6165300814018	2.21158260428718	NaN	95.4666666666667	132.266666666667
347	3.819864924	34.5	NH	14.1585150289646	3.6672814906816	NaN	118.3	140.7
347	3.286942067	0.8	NH	37.7446047955005	2.24825762356392	NaN	28	69.6
347	3.21451726	67.3666666666667	NH	8.19632054594341	5.15389773285876	NaN	67.0333333333334	99.8333333333334
354	2.842273919	80.8666666666667	NH	14.0332335863567	4.38397438361379	NaN	123.678787878788	148.224242424242
354	2.781834315	17.0666666666667	NH	26.4327967371338	3.13139184211299	NaN	66.1333333333334	78.1333333333333
354	1.733324597	81.2333333333333	NH	23.1398082509345	2.27509040473008	NaN	48.3666666666667	39.5666666666667
354	2.340103181	72.3	NH	30.6368157101809	2.734322023126	NaN	54.0636363636364	51.3363636363636
354	2.651139601	17.5	NH	31.2499137310099	4.90187244534794	34.2576317669804	90.1190476190476	75.8333333333333
354	2.716035787	17.0666666666667	NH	32.5719062262339	4.01086658406418	27.6533738892719	87.7333333333334	78.9333333333333
354	1.634220632	12.5	NH	28.5124533962477	2.32756645233068	NaN	50.7	39.5
354	2.524044	75.2333333333333	NH	36.9089630522201	4.9107319448037	NaN	38.3666666666667	27.9666666666667
355	5.40285878	88.3333333333333	NH	-12.723751757376	6.9037774690085	74.1610428008634	49.927536231884	120.36231884058
355	5.495854974	96.4666666666667	NH	-9.24849752378005	8.93609119652286	78.8584077246027	27.5333333333334	53.1333333333334
355	5.893779628	64.9333333333333	NH	-16.0026961241544	8.45750823677908	70.5000177208997	59.8666666666667	104.666666666667
355	7.07337742	28.0666666666667	NH	23.3000873129263	5.22996789275318	NaN	21.5333333333334	98.3333333333333
355	5.499387572	68.3	NH	-10.3789640452586	6.85360507521729	73.0485503895871	71.7000000000001	108.5
355	5.796470089	70.7	NH	-14.756078058367	9.09771681024584	70.4521283719074	65.3000000000001	82.9
355	6.631898869	55.1666666666667	NH	19.2761678983667	5.49530531877276	55.8650603165189	58.4333333333334	80.0333333333334
355	5.696465604	1.46666666666667	NH	14.3437771531678	6.46876699402219	NaN	24.1333333333333	56.9333333333333
355	6.740776098	67.0333333333333	NH	26.9066175338693	8.41684174969375	NaN	33.7666666666667	56.1666666666667
355	8.370108469	67.5666666666667	NH	32.1722657865769	3.72834094560692	NaN	22.6144927536232	35.4768115942029
355	6.311214819	30.2	NH	3.55276703822257	6.11232870798585	NaN	67.4	121.8
355	0.7769109151	62.2666666666667	NH	12.9496065192052	2.18851650725837	37.3959820910121	56.1333333333334	84.9333333333334
355	5.055757536	44.2	NH	-9.43488547907341	8.78789530939443	NaN	39.8	99.8
355	4.602549087	69.2666666666667	NH	-2.56650645141808	13.2900928634001	NaN	48.3333333333334	84.3333333333334
355	4.427974193	54.1666666666667	NH	32.9301089096999	9.68245122863327	NaN	15.0641025641026	33.525641025641
355	4.780949837	61.1	NH	7.71174992891427	10.300807283559	68.1863230167662	41.7758169934641	73.7366013071895
355	3.927048211	64.7	NH	0.701515592081154	8.7125243071781	NaN	56.1	100.1
355	4.257209676	18.5666666666667	NH	-7.87255761523078	11.227264214978	NaN	70.5242424242425	154.160606060606
355	4.427974193	32.5333333333333	NH	-4.40322442363342	7.42558576867262	NaN	63.0222222222223	143.022222222222
355	5.932526157	50.7666666666667	NH	8.88614204841107	5.71780548521759	53.3901421147058	40.4333333333334	65.2333333333333
355	4.602549087	42.5666666666667	NH	-10.7887286736403	5.79745846398737	NaN	108.633333333333	180.633333333333
355	4.257209676	9	NH	9.34966460699144	8.61961961439245	NaN	44.6	99
355	4.427974193	22.4333333333333	NH	-11.5143355347445	7.32721153507074	NaN	87.1666666666667	156.766666666667
355	3.459977433	56.2666666666667	NH	5.65520392160575	7.61670845868568	NaN	98.1333333333334	116.533333333333
355	3.2389934	86.6333333333333	NH	5.88945591048494	6.19338824818176	NaN	34.7	82.6999999999999
355	3.311730946	68.9	NH	6.44717869481942	9.97770449011124	NaN	70.3	98.3
355	2.198762385	79.8	NH	35.1705479152972	3.47719887533653	NaN	33	37.8
355	2.877605159	86.4	NH	31.3165502260802	2.44061940719428	20.6506776132922	54.4	40
355	3.084349458	47.8666666666667	NH	7.97274587892364	9.03036979211112	NaN	85.7333333333333	105.733333333333
355	3.299334586	6.36666666666667	NH	31.6464465419019	5.30232388009558	NaN	37.6333333333333	59.2333333333333
355	3.084349458	63.2	NH	19.5283014344792	6.54280261725619	NaN	69.6	76
355	3.299334586	86.6666666666667	NH	10.9797798752353	13.2421899124556	NaN	31.7948717948718	73.3333333333333
355	NaN	52.3333333333333	NH	NaN	NaN	NaN	15.6666666666667	25.2666666666667
355	7.414965493	41.7666666666667	NH	24.8424179170995	5.0399547407751	NaN	46.2333333333334	75.8333333333333
355	7.186239553	30.5	NH	48.5594326109369	4.00523763459309	NaN	4.70000000000001	16.7
355	1.052527707	81.9	NH	34.0500443104078	1.63067769614848	13.6217151487179	23.7	26.1
355	1.173487823	86.6666666666667	NH	20.3658267435279	3.04246295975265	NaN	42.9333333333334	63.7333333333333
355	1.133797439	63.4666666666667	NH	19.7900847349669	2.85136118458868	NaN	45.3333333333334	72.5333333333333
355	1.094912572	65.0333333333333	NH	29.9500503880533	1.33112955673687	12.501850437372	62.8238095238095	78.1809523809524
355	1.213987722	66.1333333333333	NH	18.1667556042622	3.69806404047211	NaN	44.9777777777778	42.7555555555555
355	1.34038343	74.2333333333333	NH	23.6798888072604	6.24779734519156	NaN	42.5666666666667	52.9666666666667
355	5.402310572	52.4666666666667	NH	48.8348544372492	11.1132168180399	NaN	7.53333333333335	11.5333333333333
355	6.206297353	45.3333333333333	NH	21.9698841763396	6.60453888864704	NaN	14.6666666666667	48
355	1.379115193	69.3666666666667	NH	29.728816783385	6.42480071665656	NaN	29.0333333333334	21.0333333333333
355	1.658721421	72.3333333333333	NH	40.1707541145185	5.87233158248321	35.1033608586196	17.6666666666667	2.66666666666667
355	2.079177187	18.5333333333333	NH	32.674722811514	2.59988515759499	15.4860131269565	61.4666666666667	39.8
358	3.254048792	22.7333333333333	HI	41.2643296582036	3.41695589278021	12.2803069111802	47.2666666666667	52.2666666666667
358	4.709846964	72.6666666666667	HI	8.29717533279358	4.75291179141855	48.4779179579829	-0.492753623188406	42.9855072463768
358	7.478924993	61.2	HI	34.8174248805296	3.05830704935951	25.5718205723156	31.5666666666667	80.9
358	1.129312863	20.2666666666667	HI	49.5155374985553	1.09846401347784	8.47561301179536	50.9333333333334	75.7333333333333
358	0.8744338082	43.5	HI	36.1766978750083	1.17476343932215	9.90015476641259	107.7	153.3
358	1.610017957	43.1	HI	60.7033629118713	1.07801067130734	7.53839694606234	15.3	19.3
358	1.468967189	23.7666666666667	HI	56.4133011065143	1.28789522791274	14.2214711029331	32.2333333333333	33.0333333333333
358	3.604231056	58.8	HI	58.2560419981613	2.87900936740108	7.42965699805195	13.2	62
358	NaN	54.9	HI	NaN	NaN	NaN	37.1	41.9
358	5.631497897	79.8	HI	32.3472464732801	11.3708266139819	43.8425857008847	-9.8	4.48571428571427
358	4.691270275	3.43333333333333	HI	44.9601017211033	3.10584586289982	14.1546190712162	25.3666666666667	73.3666666666667
358	1.094371421	45.4333333333333	HI	47.1716036512355	0.940695602906441	3.95284085480309	51.3666666666667	52.1666666666667
358	1.411125882	38.4333333333333	HI	55.7673310187308	0.922244450651364	-0.667467184550233	36.5666666666667	72.5666666666667
358	NaN	1.36666666666667	HI	NaN	NaN	NaN	1.03333333333333	-0.566666666666667
358	NaN	15.2333333333333	HI	NaN	NaN	NaN	32.7666666666667	24.7666666666667
358	2.040634161	44.6333333333333	HI	54.3651985418696	0.993959389814545	0.378459972155596	15.3666666666667	3.36666666666666
360	1.825911607	51.5	HI	41.0026080512516	2.28837818897822	17.3378576219865	103.7	86.1
360	4.025167071	57.7333333333333	HI	39.2673677667927	2.89561599572838	18.9085624091554	68.6666666666667	107.866666666667
360	3.767618626	59.7	HI	40.9122336583402	3.53678981685109	16.9283929890805	53.1	91.5
360	2.499123799	30.3666666666667	HI	50.2199666075493	1.03951167530135	6.07762450182357	84.9274509803922	66.1039215686275
360	1.56691828	68.1	HI	43.9507736723471	1.7214864392303	23.91415387395	50.3615384615385	34.9769230769231
360	1.383538567	7.23333333333333	HI	56.8625611164621	1.59181264019508	19.6426416528317	2.33188405797102	2.33188405797101
360	1.996080393	1.7	HI	69.5852290861171	1.10837637475195	0.562829473239731	8.7	7.9
360	1.411125882	6.03333333333333	HI	66.6209876066582	1.23549587816338	13.8444541431789	-3.53333333333333	-2.28333333333333
360	1.411125882	36.9666666666667	HI	49.5098764955471	1.32183534918956	12.8869369093117	43.0333333333333	31.0333333333333
360	1.366847073	24.7666666666667	HI	43.7646934524758	3.06841349191894	22.4637356772523	55.2333333333333	60.0333333333333
360	1.456235365	18.1	HI	64.5371300127787	1.06441423542139	1.92948725553178	22.7	11.5
360	1.456235365	28.1666666666667	HI	62.0926855683343	1.073751092199	9.13310343785368	52.6333333333334	42.2333333333333
360	1.366847073	31.5333333333333	HI	51.3202490080313	1.16445403381899	12.3762330666805	53.2666666666667	54.8666666666667
360	2.008244458	24.9	HI	62.2132323758847	1.06587941243643	1.46771037250047	24.7	6.3
360	1.696345465	41.3333333333333	HI	56.1820846274937	1.06307692547307	13.776627715918	43.8840579710145	8.23188405797101
360	0.8320128448	24.7333333333333	HI	66.2217809100626	1.42751063121842	18.1030051578244	8.86666666666667	-9.53333333333333
360	1.456235365	27.9	HI	62.7593522350009	1.16330219793763	5.4828496004374	30.5	30.5
360	0.9335208735	57.4666666666667	HI	62.3961259810743	1.36951928046709	21.2859422066656	-0.66666666666665	9.73333333333332
360	1.157784005	36.5	HI	61.2665720514845	1.41227040779252	NaN	6.70000000000001	2.7
360	1.366847073	31.6	HI	68.6535823413647	0.984113615942019	7.653791208562	2.00000000000001	5.2
360	1.197965106	11.2333333333333	HI	64.40152599077	1.30092754471452	NaN	-4.83333333333333	1.56666666666666
360	1.157784005	26.6	HI	59.4887942737067	2.33768724926525	19.3861650206185	7.80000000000001	11
360	1.238958112	54.6333333333333	HI	56.7110893382059	1.79368134976975	30.968931103901	38.1666666666667	18.1666666666667
360	1.238958112	47.3333333333333	HI	68.2666448937614	1.06160013805082	7.2794915221907	-0.133333333333319	1.46666666666665
360	NaN	36.1333333333333	HI	NaN	NaN	NaN	-10.5333333333333	-8.13333333333333
360	1.335433097	28.1333333333333	HI	60.4934174349874	1.57332481557647	19.2543756791233	18.2666666666667	1.46666666666667
360	1.379115193	41.7333333333333	HI	66.9773808410066	1.9663872795521	17.1554975808327	-12.259649122807	-14.3649122807018
360	1.335433097	44.9333333333333	HI	67.8267507683207	1.02721814149975	4.32574602439055	12.6666666666667	22.2666666666667
360	2.355831896	93.1333333333333	HI	70.9256593295307	1.2931362808646	14.7243604824903	3.66666666666669	-0.333333333333329
361	6.911842149	104.733333333333	HI	61.6088061896245	2.34483441777873	7.2312543081439	-7.1333333333333	9.66666666666667
361	6.369666559	1.06666666666667	HI	74.5374595922466	2.0339276577002	21.2871442282755	-1.06666666666667	-1.06666666666667
361	3.943846685	97	HI	44.6376945595934	4.49933440718439	15.6958383130721	33.4	74.2
361	3.326978166	50.8333333333333	HI	50.089561813159	3.25587409854266	3.78021105431686	53.9666666666667	77.9666666666667
361	3.846864221	62.4666666666667	HI	54.040702811679	2.94118679537992	13.5120007946884	20.6912280701754	70.1649122807017
361	3.09627822	28.2666666666667	HI	62.384806961368	1.90049185616099	-4.32795268002138	43.7333333333333	23.7333333333333
361	3.535490887	70.6333333333333	HI	60.4620743428452	2.51392199335057	9.92568397081404	26.639393939394	34.8212121212121
361	3.489988026	61.9333333333333	HI	58.2757748566377	2.35684858717492	-1.13193265860161	42.7333333333334	73.4
361	3.054101812	1.73333333333333	HI	78.7667622214617	1.54637479595558	0.137427922975419	26.2666666666667	6.26666666666667
361	3.195713706	37.0666666666667	HI	58.7646703336535	2.21440195643109	2.37782408072594	60.4333333333334	60.4333333333333
361	2.933994151	16.6666666666667	HI	67.1164956774679	2.63914003575101	4.00665411895882	116.666666666667	125.555555555556
361	2.866145519	3.8	HI	74.9566571155146	1.62006868981811	-9.62313555793931	77	50.6
361	3.21451726	6.93333333333333	HI	66.2808300079148	2.53454161994191	5.911696143556	45.0666666666667	41.0666666666667
361	4.661052919	82.1333333333333	HI	61.2403132308725	2.71901865910615	24.0126054810713	-0.594871794871793	-22.1333333333333
361	3.585886603	1.1	HI	77.0689600367381	3.22718949224623	24.5786220200387	10.5666666666667	20.5666666666667
361	3.002753236	4.23333333333333	HI	75.7537570710913	2.02116572468944	2.95088904944362	40.5666666666667	20.5666666666667
361	3.740937317	20.8	HI	56.2821425623774	3.78258036932364	32.9104951829136	32.8	88.8
361	3.360289139	6.3	HI	73.9682836038744	2.33465668523857	15.4175995345988	22.5	15.3
361	3.072425193	20.3	HI	60.1824654276997	2.68247220147767	6.49424278427591	60.5	83.7
361	5.306748616	49.4666666666667	HI	49.1661247555308	4.1793090288954	32.8019179546094	16.1333333333334	39.3333333333333
361	5.211609044	76.0666666666667	HI	65.315440883052	4.33045565123257	23.6677351861289	-4.63809523809525	1.07619047619046
361	5.597997935	9.8	HI	82.9059673713898	2.42654294312658	-5.28364691155031	-2.6	2.2
361	5.40285878	79.1333333333333	HI	66.5967198255488	4.75605794618944	6.3831439504573	-6.33333333333333	-7.13333333333335
361	1.797600809	13.9	HI	82.2704273305835	NaN	-17.6401038345293	3.7	2.9
361	1.598495508	34.7	HI	78.4652569664462	2.33341796757759	-7.36159528265655	-9.89999999999999	2.9
361	2.010429716	21.9333333333333	HI	80.2768814998138	4.68024627019541	-3.14555129746635	11.6666666666667	1.26666666666666
361	2.296063152	15.1	HI	75.749872867902	1.84049592949925	11.7787653162433	20.9	-3.1
361	1.955924949	23.7333333333333	HI	83.7442842838124	NaN	-10.2564355590429	20.2666666666667	11.4666666666667
362	5.302743749	36.8333333333333	HI	32.6203945117002	9.1642638268297	26.2743723433748	33.9358974358975	78.551282051282
362	6.098620429	76.3666666666667	HI	22.7746115406906	11.6066167438457	33.7670687297029	46.8333333333334	99.6333333333333
362	5.398813219	23.8	HI	20.2855317226275	10.3898437240063	40.3562649458135	87.4	141
362	6.911842149	26.4666666666667	HI	60.6129546633215	1.04383527126388	2.38783333390583	52	58.2333333333333
362	3.863467221	45.8	HI	27.200263292552	9.66752426170825	26.1732946982702	34.2	150.866666666667
362	2.971520222	13.0666666666667	HI	55.3130206581352	2.1938505851069	11.4889906901414	153.333333333333	78.9333333333333
362	7.24909071	64.7	HI	81.1684642716533	2.64041714641066	-0.0726081430575363	9.7	-2.30000000000001
362	3.943846685	9.16666666666667	HI	73.8173436365651	2.11164000382224	-8.42592805699225	8.43333333333334	11.6333333333333
362	2.040634161	42.2	HI	39.8786620685596	2.75225509621953	16.0700679415039	153.355555555556	86.6888888888889
362	0.9191379225	74.7	HI	38.5350104635237	1.80805030804281	20.5493005449091	42.6913043478261	57.9482213438735
362	1.141432781	0.2	HI	70.1545392130696	1.76218173166764	15.5657427602381	28.6	21.4
362	1.985653483	28.7666666666667	HI	55.7122172250535	2.10878974717785	6.87968498532804	103.233333333333	57.6333333333333
362	1.437512928	0.166666666666667	HI	77.6547897426777	1.25605527903117	12.023719741413	0.233333333333333	-0.166666666666667
362	1.538072683	2.3	HI	65.80610638638	1.68936843780273	14.720450985083	67.1666666666667	67.0666666666666
362	1.995576807	8.13333333333333	HI	55.7077989498365	1.70820295446442	16.1994054539809	150.166666666667	109.433333333333
362	2.106726663	40.7333333333333	HI	58.4977484361838	1.45232524367291	11.6390572336211	64.8666666666667	29.6666666666667
362	1.899885076	44.4666666666667	HI	56.4624596189086	1.13500190961834	11.9318103393032	100.333333333333	92.3333333333333
362	1.491485161	9.26666666666667	HI	72.4204101650759	NaN	1.32225216901453	8.00606060606061	14.369696969697
362	1.887903947	13.6333333333333	HI	62.9270877636968	1.98344804133472	6.09916357737842	78.674358974359	41.7512820512821
367	1.713080784	34.3	HI	57.0685416062024	1.10049216884423	19.8655651237518	19.45	10.7
367	1.902287248	44.1333333333333	HI	53.7238488784665	1.24469746986156	9.08797018476662	47.8666666666667	37.4666666666667
367	1.646996451	24.1666666666667	HI	57.2166254724565	1.37858289672119	18.8082668905145	5.39855072463768	-0.688405797101453
367	NaN	1	HI	NaN	NaN	NaN	4.6	1.4
367	4.309632294	31.3	HI	29.2423344913109	1.46389732453997	15.1387995108315	81.7	124.7
367	6.520125558	42.0333333333333	HI	43.1207719622025	4.74145333250751	25.7296906120285	27.5666666666667	28.3666666666667
367	1.744425815	30.5333333333333	HI	40.8115239972445	1.16059179501311	15.0894715170835	63.752380952381	46.6095238095238
367	1.744425815	22.5	HI	37.2388171675892	1.58804032895699	15.8410871541951	54.3	75.1
367	3.211503473	87.1333333333333	HI	56.7338232034081	6.89323899353161	20.2488065949378	25.6666666666667	7.26666666666667
367	0.4040588715	63.7	HI	46.0810283676894	NaN	NaN	-4.49999999999999	30.7
367	1.129312863	36.4333333333333	HI	39.5073019075714	1.44389472619223	15.6621272419649	76.0666666666667	73.5666666666667
367	1.250538353	44.2333333333333	HI	33.3613597464624	1.61807616903862	17.2297291450146	69.3666666666667	103.766666666667
367	1.915036453	50.1	HI	66.8333388514754	1.31104885865386	9.09938517225653	2.28095238095239	5.13809523809523
367	1.335433097	61.5	HI	39.6973367898173	1.33654913449894	15.651161011425	26.8333333333333	54.3333333333333
370	0.9900664815	23.8	HI	35.872341214328	NaN	-0.174198875166262	45.8	84.2
370	0.8185895307	32.1333333333333	HI	29.4357993715218	1.43041683603958	20.5635328013695	45.4666666666667	29.4666666666667
370	0.9257715681	44	HI	29.0498488651004	1.40305219816468	16.6621919480946	54.4	46.4
370	0.8913320344	32.0666666666667	HI	28.8882187575251	1.44410578085696	19.1157858816301	60.7333333333334	31.1333333333333
370	4.620926565	1.16666666666667	HI	51.2081372406324	3.55405540120292	13.4287753620027	0.433333333333334	6.83333333333333
370	0.8513324837	0.733333333333333	HI	48.4894693260512	1.45330211215466	14.3084829378219	16.0666666666667	4.86666666666667
370	1.148975953	28.7666666666667	HI	36.0559103698714	2.03397051290748	7.10928086858345	40.7985507246377	65.1463768115942
370	1.188977395	40.0666666666667	HI	38.238936886703	1.994110617227	9.61343857836555	27.9333333333333	22.3333333333333
370	1.634220632	29.2666666666667	HI	39.5181050295772	1.14685599829721	10.123441518683	29.1333333333333	15.5333333333333
370	0.7306977911	26.7	HI	30.7550046829028	1.11613949455991	18.1607111820068	54.9	52.5
370	0.8576696369	22.0666666666667	HI	38.3803606798674	1.08691779819567	5.48499033312346	29.1333333333333	39.5333333333333
370	1.071390222	47.0666666666667	HI	34.5356964334499	1.48294380013157	18.0485988058416	12.1333333333333	20.9333333333333
370	0.7612986891	5.53333333333333	HI	38.467407917876	1.12270834108889	11.3371968359226	39.2666666666667	47.2666666666667
370	1.188977395	35.4666666666667	HI	36.9056035533696	2.14835100807472	11.5967288720393	46.9333333333334	54.9333333333333
370	0.9970000454	11.4	HI	29.9456176797145	1.45812935117093	16.8595633625828	59	52.6
370	1.683347362	22.0333333333333	HI	50.2288490698487	1.22009264107983	9.09426629390242	18.7666666666667	9.96666666666667
370	1.985653483	32.3333333333333	HI	53.3536506651931	NaN	-1.62242856194875	17.1519607843137	5.01960784313725
370	3.326978166	33.0666666666667	HI	62.1349615136733	2.82398467024476	12.0556643755333	1.93333333333334	7.76666666666666
373	6.453892159	91.4666666666667	NH	18.9903434630151	3.71834742638242	42.6718005666239	14.9333333333334	18.1333333333333
373	7.530832298	68.1666666666667	NH	14.5659940375252	3.61570990585318	47.3505926782353	34.2333333333334	50.2333333333333
373	4.931475215	0.3	NH	29.0812958684993	4.87753256317148	NaN	2.1	13.3
373	NaN	0.0666666666666667	NH	NaN	NaN	NaN	4.21904761904762	7.07619047619048
373	6.102365795	0.166666666666667	NH	28.1021378025628	4.1486408068101	NaN	12.6333333333333	62.2333333333333
373	3.359870257	91	NH	26.1919962745589	4.05372762592939	27.4400403942876	1.00000000000001	20.2
373	NaN	11.5333333333333	NH	NaN	NaN	NaN	6.86666666666667	2.86666666666667
373	NaN	1.3	NH	NaN	NaN	NaN	16.3	2.7
373	0.7029622121	30.8	NH	22.555601602045	1.47537993032059	24.7861409738275	46	58
373	1.135152159	101.633333333333	NH	25.6695234488128	1.89965774004488	28.734019192238	15.9666666666667	5.56666666666668
373	0.8600541465	3.3	NH	21.0658755446115	2.02383599759688	NaN	29.5	18.3
373	1.115617217	2.83333333333333	NH	34.9727615756969	2.06767716934424	NaN	5.16666666666667	-0.166666666666667
379	0.4315858748	3.63333333333333	NH	22.6939160438306	1.15086892190882	NaN	22.7666666666667	50.7666666666667
379	0.7494330542	124.8	NH	11.9536280298341	1.91778797251201	NaN	56.5793103448276	54.5103448275862
379	NaN	2.8	NH	NaN	NaN	NaN	-0.399999999999999	-2
379	0.8271091165	80.0333333333333	NH	9.90982561865712	1.36988483414552	27.2719893560825	108.541379310345	92.7712643678161
379	0.9833143338	86.5	NH	10.8633640447534	1.94137501474234	32.2838154212416	67.1	44.7
379	NaN	38.7333333333333	NH	NaN	NaN	NaN	-2.73333333333333	-1.13333333333333
379	0.8989082468	0.166666666666667	NH	40.418536411604	2.41949766610498	NaN	1.43333333333333	2.23333333333333
379	0.3603904068	94.5666666666667	NH	6.96055415050708	2.65269700060408	NaN	26.3028985507246	99.3463768115942
379	1.34038343	103.066666666667	NH	12.018573766004	2.61857043019707	33.1727689271149	44.1333333333334	6.53333333333335
379	1.520474845	101.366666666667	NH	8.63366920556586	3.01234881601958	29.0854637057043	65.8333333333334	17.0333333333333
379	1.713990938	106.3	NH	11.3393237210949	2.47258861938747	27.8575671770886	70.5000000000001	27.3
379	9.482191427	102.433333333333	NH	26.7090459548512	5.45391058286858	29.4446350620619	-7.23333333333331	-7.23333333333335
379	1.323395311	94.8333333333333	NH	18.5357427671473	1.7903816508635	25.6205436972662	39.452380952381	-0.547619047619065
379	1.323395311	115	NH	18.0912983227029	1.89002469794661	18.1433923690075	38.6	9.8
379	0.7681928449	71.1666666666667	NH	7.42394077833127	1.44989959992249	28.5868425444427	80.0333333333334	58.4333333333333
379	0.7681928449	0.0333333333333333	NH	31.6461630005535	1.59853880311189	NaN	10.3666666666667	2.36666666666667
379	0.3914536299	90.2333333333333	NH	10.8610968938902	1.75839193214432	NaN	50.5666666666667	86.5666666666666
379	NaN	76.2333333333333	NH	NaN	NaN	NaN	21.5444444444445	32.6555555555556
379	9.350392498	73.7333333333333	NH	22.8633283781834	4.19112736373312	35.9426980700021	-15.3333333333333	-12.1333333333333
379	0.8869636541	81.1666666666667	NH	10.0489246236126	2.29251037527626	37.1888113554313	39.6333333333333	24.4333333333334
379	NaN	101.466666666667	NH	NaN	NaN	NaN	-10.8	17.2
379	0.7029622121	60.8666666666667	NH	9.31744700146477	1.30558054874448	26.3013080905389	75.9333333333334	52.7333333333333
379	9.615016691	80.6	NH	25.629881632863	3.91058448130293	30.409121249045	-11	-9.39999999999999
379	0.7635187514	51.5333333333333	NH	5.97533282968881	1.87616771821083	29.7024798227313	20.4666666666667	6.06666666666666
