UnitID	ChinID	CF_kHz	Threshold_dBSPL	Q10local	Q10global	TTR_dB	SpontRate	HearingStatus	StimSNR	RespCorr	RespCorrRaw
321_2_1	321	5.696465604	7.65283597007895	6.5017038851911	6.5017038851911	NaN	82	1	-10	0.00533147318258449	0.00533147318258449
321_2_1	321	5.696465604	7.65283597007895	6.5017038851911	6.5017038851911	NaN	82	1	-5	0.0150269601443928	0.0150269601443928
321_2_1	321	5.696465604	7.65283597007895	6.5017038851911	6.5017038851911	NaN	82	1	0	0.00129838193149431	0.00129838193149431
321_2_2	321	5.897453827	-2.09530431213422	11.7351632279033	11.7351632279033	54.2593763670105	72.2	1	-10	0.001	-0.00197448228678437
321_2_2	321	5.897453827	-2.09530431213422	11.7351632279033	11.7351632279033	54.2593763670105	72.2	1	-5	0.00469607443552597	0.00469607443552597
321_2_2	321	5.897453827	-2.09530431213422	11.7351632279033	11.7351632279033	54.2593763670105	72.2	1	0	0.00672652546782437	0.00672652546782437
321_2_3	321	4.342116617	0.17374898952317	10.7759225866545	10.7759225866545	54.5967222185192	19.2666666666667	1	-10	0.00147095053727883	0.00147095053727883
321_2_3	321	4.342116617	0.17374898952317	10.7759225866545	10.7759225866545	54.5967222185192	19.2666666666667	1	-5	0.019593978014208	0.019593978014208
321_2_3	321	4.342116617	0.17374898952317	10.7759225866545	10.7759225866545	54.5967222185192	19.2666666666667	1	0	0.0243875465328733	0.0243875465328733
321_2_4	321	4.96319161	15.1395764182253	3.98257515757728	3.98257515757728	40.8276150139466	92.4666666666667	1	-5	0.00299334057097851	0.00299334057097851
321_2_4	321	4.96319161	15.1395764182253	3.98257515757728	3.98257515757728	40.8276150139466	92.4666666666667	1	0	0.00477708761922814	0.00477708761922814
321_2_5	321	5.243788625	6.18148618529548	9.53549378806527	9.5354937880653	NaN	13.4666666666667	1	-10	0.001	-0.00355035573072848
321_2_5	321	5.243788625	6.18148618529548	9.53549378806527	9.5354937880653	NaN	13.4666666666667	1	-5	0.0128022598308621	0.0128022598308621
321_2_5	321	5.243788625	6.18148618529548	9.53549378806527	9.5354937880653	NaN	13.4666666666667	1	0	0.0399869575455903	0.0399869575455903
321_2_6	321	5.243788625	18.8481528519621	4.37743576993201	4.37743576993201	39.8070167536565	13.0333333333333	1	-10	0.00657894811097237	0.00657894811097237
321_2_6	321	5.243788625	18.8481528519621	4.37743576993201	4.37743576993201	39.8070167536565	13.0333333333333	1	-5	0.0175069530898417	0.0175069530898417
321_2_7	321	4.090239729	-9.69905068266025	8.34722384923796	8.34722384923797	60.0416363041503	85.3	1	0	0.001	0.000615660010375899
321_2_8	321	3.535490887	12.8991282056133	5.30739668997365	5.30739668997365	44.1128901643884	3.96666666666667	1	-10	0.001	-0.00102727300800744
321_2_8	321	3.535490887	12.8991282056133	5.30739668997365	5.30739668997365	44.1128901643884	3.96666666666667	1	-5	0.0107783103405214	0.0107783103405214
321_2_8	321	3.535490887	12.8991282056133	5.30739668997365	5.30739668997365	44.1128901643884	3.96666666666667	1	0	0.0183922263381439	0.0183922263381439
321_2_10	321	4.228609837	15.8659941850008	5.33036528456624	5.33036528456624	NaN	4.73333333333333	1	-10	0.00739028472291327	0.00739028472291327
321_2_12	321	4.144973038	-3.13040814966208	5.70011601470219	5.70011601470219	NaN	102.333333333333	1	-5	0.00333163273055814	0.00333163273055814
321_2_12	321	4.144973038	-3.13040814966208	5.70011601470219	5.70011601470219	NaN	102.333333333333	1	0	0.00358069514801485	0.00358069514801485
321_2_13	321	4.144973038	21.3140362947824	4.51840508214276	4.51840508214275	NaN	1.9	1	-10	0.001	-5.68501093625023e-05
321_2_13	321	4.144973038	21.3140362947824	4.51840508214276	4.51840508214275	NaN	1.9	1	-5	0.0114922364099974	0.0114922364099974
321_2_13	321	4.144973038	21.3140362947824	4.51840508214276	4.51840508214275	NaN	1.9	1	0	0.0220554728231186	0.0220554728231186
322_1_2	322	3.475609728	8.79882383137334	5.09470889983411	5.0947088998341	52.7839281308402	4.9	1	-5	0.00402307734205902	0.00402307734205902
322_1_3	322	3.326978166	8.11626859030612	6.69271588092881	6.69271588092881	NaN	6.7	1	-10	0.00372349133984522	0.00372349133984522
322_1_5	322	7.705316109	1.81580927888827	10.4914259351071	10.4914259351071	NaN	81.5666666666667	1	-10	0.001	-0.00583420748330229
322_1_5	322	7.705316109	1.81580927888827	10.4914259351071	10.4914259351071	NaN	81.5666666666667	1	-5	0.0215747345632754	0.0215747345632754
322_1_5	322	7.705316109	1.81580927888827	10.4914259351071	10.4914259351071	NaN	81.5666666666667	1	0	0.0143958671982031	0.0143958671982031
322_2_1	322	6.308662272	-0.903020397762388	10.1885538976649	10.1885538976649	NaN	44.1666666666667	1	-10	0.00740476420689722	0.00740476420689722
322_2_1	322	6.308662272	-0.903020397762388	10.1885538976649	10.1885538976649	NaN	44.1666666666667	1	-5	0.0243314744562217	0.0243314744562217
322_2_1	322	6.308662272	-0.903020397762388	10.1885538976649	10.1885538976649	NaN	44.1666666666667	1	0	0.0308455216855903	0.0308455216855903
322_3_1	322	4.257209676	4.87141617659716	7.1393524181797	7.1393524181797	NaN	7.6	1	-10	0.00704749335568823	0.00704749335568823
322_3_1	322	4.257209676	4.87141617659716	7.1393524181797	7.1393524181797	NaN	7.6	1	-5	0.0228946952547373	0.0228946952547373
322_3_1	322	4.257209676	4.87141617659716	7.1393524181797	7.1393524181797	NaN	7.6	1	0	0.0488265216699313	0.0488265216699313
322_3_2	322	5.149289271	8.86663608070904	4.51906141629419	4.51906141629419	NaN	10.3	1	-10	0.001	-0.00530663746904406
322_3_2	322	5.149289271	8.86663608070904	4.51906141629419	4.51906141629419	NaN	10.3	1	-5	0.0145267589990373	0.0145267589990373
322_3_2	322	5.149289271	8.86663608070904	4.51906141629419	4.51906141629419	NaN	10.3	1	0	0.0330151565912551	0.0330151565912551
322_4_1	322	5.302743749	6.64002410617219	7.79021951121807	7.79021951121806	NaN	59.0333333333333	1	-10	0.00678944260343116	0.00678944260343116
322_4_1	322	5.302743749	6.64002410617219	7.79021951121807	7.79021951121806	NaN	59.0333333333333	1	-5	0.00144827907540264	0.00144827907540264
322_4_1	322	5.302743749	6.64002410617219	7.79021951121807	7.79021951121806	NaN	59.0333333333333	1	0	0.00989491346895197	0.00989491346895197
322_4_3	322	7.128534282	35.178286709762	4.76582324335677	4.76582324335677	NaN	0.633333333333333	1	-10	0.00237843044424983	0.00237843044424983
322_4_4	322	6.576733872	13.5265079037037	5.9736717572697	5.9736717572697	NaN	70.9666666666667	1	-5	0.00963978421580039	0.00963978421580039
322_4_7	322	7.023259975	20.8077251863848	4.51780646331421	4.51780646331421	NaN	8.33333333333333	1	-10	0.00433157017779791	0.00433157017779791
322_4_7	322	7.023259975	20.8077251863848	4.51780646331421	4.51780646331421	NaN	8.33333333333333	1	-5	0.0206497959233961	0.0206497959233961
322_4_7	322	7.023259975	20.8077251863848	4.51780646331421	4.51780646331421	NaN	8.33333333333333	1	0	0.0259418163190669	0.0259418163190669
325_1_15	325	4.657330784	17.4047128259065	4.39328732225328	4.39328732225328	NaN	21.1666666666667	1	-10	0.00826461200680592	0.00826461200680592
325_1_15	325	4.657330784	17.4047128259065	4.39328732225328	4.39328732225328	NaN	21.1666666666667	1	-5	0.0110506021518399	0.0110506021518399
325_1_16	325	4.657330784	4.73804615923981	7.71835707236069	7.71835707236068	NaN	17.1333333333333	1	-10	0.00182416358475049	0.00182416358475049
325_1_16	325	4.657330784	4.73804615923981	7.71835707236069	7.71835707236068	NaN	17.1333333333333	1	-5	0.00519700749967331	0.00519700749967331
325_1_16	325	4.657330784	4.73804615923981	7.71835707236069	7.71835707236068	NaN	17.1333333333333	1	0	0.0294450861221461	0.0294450861221461
325_1_17	325	4.657330784	6.73804615923981	5.65079811026023	5.65079811026023	NaN	21.0666666666667	1	-10	0.00335757305235711	0.00335757305235711
325_1_18	325	3.977131455	7.57098434144718	5.61535221955042	5.61535221955042	NaN	17.1	1	-10	0.0132479646501497	0.0132479646501497
325_1_18	325	3.977131455	7.57098434144718	5.61535221955042	5.61535221955042	NaN	17.1	1	-5	0.0252431367400141	0.0252431367400141
325_1_18	325	3.977131455	7.57098434144718	5.61535221955042	5.61535221955042	NaN	17.1	1	0	0.0499339454149537	0.0499339454149537
325_1_19	325	3.816539839	8.69729724758476	4.52606094538542	4.52606094538542	NaN	25.0333333333333	1	-10	0.001	-0.00325172791030308
325_1_19	325	3.816539839	8.69729724758476	4.52606094538542	4.52606094538542	NaN	25.0333333333333	1	-5	0.00580920762073542	0.00580920762073542
338_1_1	338	6.15315009	-11.3638482987935	7.95352191335953	7.95352191335952	71.454737691076	1.86666666666667	1	-10	0.027620058115346	0.027620058115346
338_1_1	338	6.15315009	-11.3638482987935	7.95352191335953	7.95352191335952	71.454737691076	1.86666666666667	1	-5	0.0641714430592513	0.0641714430592513
338_1_1	338	6.15315009	-11.3638482987935	7.95352191335953	7.95352191335952	71.454737691076	1.86666666666667	1	0	0.0894071670342553	0.0894071670342553
338_1_3	338	7.705316109	34.6951181392394	3.52977976355708	3.52977976355708	25.8441387350248	43.2	1	-10	0.028405067610241	0.028405067610241
338_1_3	338	7.705316109	34.6951181392394	3.52977976355708	3.52977976355708	25.8441387350248	43.2	1	-5	0.0199689026319427	0.0199689026319427
338_1_3	338	7.705316109	34.6951181392394	3.52977976355708	3.52977976355708	25.8441387350248	43.2	1	0	0.0300878943881779	0.0300878943881779
338_1_4	338	6.685104632	38.5752837813678	2.4573858016856	2.4573858016856	NaN	23.7333333333333	1	-10	0.0148708319656712	0.0148708319656712
338_1_4	338	6.685104632	38.5752837813678	2.4573858016856	2.4573858016856	NaN	23.7333333333333	1	-5	0.0383028148898553	0.0383028148898553
338_1_4	338	6.685104632	38.5752837813678	2.4573858016856	2.4573858016856	NaN	23.7333333333333	1	0	0.0413168060179362	0.0413168060179362
338_1_5	338	6.469354636	38.856926614103	2.81138979606032	2.81138979606032	NaN	0.7	1	-10	0.0214313106107244	0.0214313106107244
338_1_5	338	6.469354636	38.856926614103	2.81138979606032	2.81138979606032	NaN	0.7	1	-5	0.0358258827179382	0.0358258827179382
338_1_5	338	6.469354636	38.856926614103	2.81138979606032	2.81138979606032	NaN	0.7	1	0	0.033641481890461	0.033641481890461
338_2_2	338	5.435697359	-10.8520144482037	5.95356823229181	5.95356823229182	NaN	9.5	1	0	0.001	-0.00348317054040428
338_2_3	338	5.495854974	-0.278078927305783	11.9988670437348	11.9988670437348	NaN	76.2333333333333	1	0	0.00890819695573594	0.00890819695573594
338_3_1	338	3.816539839	-15.4222030771243	4.47359827144829	4.47359827144828	NaN	58.0666666666667	1	-10	0.00302925652270636	0.00302925652270636
338_3_1	338	3.816539839	-15.4222030771243	4.47359827144829	4.47359827144828	NaN	58.0666666666667	1	-5	0.00877807426328117	0.00877807426328117
338_3_1	338	3.816539839	-15.4222030771243	4.47359827144829	4.47359827144828	NaN	58.0666666666667	1	0	0.0209560853260388	0.0209560853260388
338_4_1	338	3.977131455	51.4620582464228	2.06610302627897	2.06610302627897	NaN	0.6	1	-5	0.0087052362937508	0.0087052362937508
341_1_1	341	4.309632294	-11.992951249134	9.99806614001439	9.99806614001437	53.6294955987153	84.8	1	-5	0.0138378439504941	0.0138378439504941
341_1_1	341	4.309632294	-11.992951249134	9.99806614001439	9.99806614001437	53.6294955987153	84.8	1	0	0.0115941128450099	0.0115941128450099
341_1_2	341	3.977131455	-12.3202478500813	8.97853205073127	8.97853205073129	NaN	86.8	1	-10	0.00962150119065222	0.00962150119065222
341_1_3	341	3.582678948	3.71805646894375	5.1230245101476	5.1230245101476	NaN	86.1	1	-10	0.00394616432729546	0.00394616432729546
341_1_4	341	4.395127191	8.94372507262923	7.52563098218263	7.52563098218263	NaN	11.5666666666667	1	-10	0.001	0.000374400180332246
341_1_5	341	4.568974493	17.1157595255166	4.82241833445834	4.82241833445835	NaN	25.1333333333333	1	-10	0.001	0.00069545720208395
341_1_5	341	4.568974493	17.1157595255166	4.82241833445834	4.82241833445835	NaN	25.1333333333333	1	-5	0.00494981263866485	0.00494981263866485
341_1_5	341	4.568974493	17.1157595255166	4.82241833445834	4.82241833445835	NaN	25.1333333333333	1	0	0.0147523798420889	0.0147523798420889
341_1_6	341	3.283889696	-3.60970362757007	6.2614993347464	6.26149933474639	NaN	87.6	1	-10	0.001	-0.00611031098355796
341_1_6	341	3.283889696	-3.60970362757007	6.2614993347464	6.26149933474639	NaN	87.6	1	-5	0.00408999076296537	0.00408999076296537
341_1_6	341	3.283889696	-3.60970362757007	6.2614993347464	6.26149933474639	NaN	87.6	1	0	0.001	-0.00343850980581303
341_1_12	341	3.509759167	33.2749031690619	3.47475117006791	3.47475117006791	NaN	96.4333333333333	1	-10	0.001	0.000703316914034358
341_1_12	341	3.509759167	33.2749031690619	3.47475117006791	3.47475117006791	NaN	96.4333333333333	1	-5	0.0017433498971939	0.0017433498971939
341_1_12	341	3.509759167	33.2749031690619	3.47475117006791	3.47475117006791	NaN	96.4333333333333	1	0	0.001	-0.00408895370107837
341_1_13	341	5.020351289	29.1051902765006	3.15526827893666	3.15526827893666	NaN	9.33333333333333	1	-10	0.00567333533890482	0.00567333533890482
341_1_13	341	5.020351289	29.1051902765006	3.15526827893666	3.15526827893666	NaN	9.33333333333333	1	-5	0.0115603631144349	0.0115603631144349
341_1_13	341	5.020351289	29.1051902765006	3.15526827893666	3.15526827893666	NaN	9.33333333333333	1	0	0.0185718925723512	0.0185718925723512
341_1_17	341	5.113514577	24.0875356907011	4.90994237063329	4.90994237063329	NaN	94.3666666666667	1	-10	0.001	0.000328253714172458
341_1_17	341	5.113514577	24.0875356907011	4.90994237063329	4.90994237063329	NaN	94.3666666666667	1	-5	0.001	-0.00142937224281778
341_1_17	341	5.113514577	24.0875356907011	4.90994237063329	4.90994237063329	NaN	94.3666666666667	1	0	0.00375109097554861	0.00375109097554861
341_1_18	341	3.659698553	20.0870519345621	3.62613640719271	3.6261364071927	NaN	79.8333333333333	1	-10	0.001	0.000973172924954371
341_1_18	341	3.659698553	20.0870519345621	3.62613640719271	3.6261364071927	NaN	79.8333333333333	1	-5	0.001	-0.00328505282773182
341_1_19	341	4.225087277	7.39975724539807	4.29099061563906	4.29099061563906	NaN	79.8666666666667	1	-10	0.00253297778480906	0.00253297778480906
341_1_19	341	4.225087277	7.39975724539807	4.29099061563906	4.29099061563906	NaN	79.8666666666667	1	-5	0.00895493052696313	0.00895493052696313
341_1_19	341	4.225087277	7.39975724539807	4.29099061563906	4.29099061563906	NaN	79.8666666666667	1	0	0.0111616821560021	0.0111616821560021
343_1_3	343	5.398813219	16.0073211970556	5.88431863267929	5.88431863267929	NaN	36.1666666666667	1	-5	0.00575946512505693	0.00575946512505693
343_1_4	343	5.398813219	14.2295434192779	6.08636378862841	6.08636378862842	NaN	27	1	-10	0.00622138931196536	0.00622138931196536
343_1_4	343	5.398813219	14.2295434192779	6.08636378862841	6.08636378862842	NaN	27	1	-5	0.00326889633282032	0.00326889633282032
343_1_4	343	5.398813219	14.2295434192779	6.08636378862841	6.08636378862842	NaN	27	1	0	0.00941603904588001	0.00941603904588001
343_1_5	343	4.602549087	9.66216035131478	6.53963063054057	6.53963063054057	NaN	23.5666666666667	1	-10	0.0163092208112134	0.0163092208112134
343_1_5	343	4.602549087	9.66216035131478	6.53963063054057	6.53963063054057	NaN	23.5666666666667	1	0	0.0207415881134409	0.0207415881134409
343_1_6	343	5.402310572	18.6289900186279	6.42179722527277	6.42179722527277	NaN	58.9666666666667	1	-10	0.001	-0.00146373141746557
343_1_6	343	5.402310572	18.6289900186279	6.42179722527277	6.42179722527277	NaN	58.9666666666667	1	-5	0.0132768924472911	0.0132768924472911
343_1_6	343	5.402310572	18.6289900186279	6.42179722527277	6.42179722527277	NaN	58.9666666666667	1	0	0.0103114554902012	0.0103114554902012
343_1_7	343	5.499387572	19.5608241289461	5.65358095492233	5.65358095492232	NaN	52.7333333333333	1	-10	0.00923716053324029	0.00923716053324029
343_1_7	343	5.499387572	19.5608241289461	5.65358095492233	5.65358095492232	NaN	52.7333333333333	1	-5	0.0124891124162777	0.0124891124162777
343_1_7	343	5.499387572	19.5608241289461	5.65358095492233	5.65358095492232	NaN	52.7333333333333	1	0	0.00806531045097666	0.00806531045097666
343_1_9	343	6.631898869	23.290454383924	5.17110242307708	5.17110242307708	NaN	53.3666666666667	1	-10	0.0143764595748017	0.0143764595748017
343_1_9	343	6.631898869	23.290454383924	5.17110242307708	5.17110242307708	NaN	53.3666666666667	1	-5	0.011054503234293	0.011054503234293
343_1_9	343	6.631898869	23.290454383924	5.17110242307708	5.17110242307708	NaN	53.3666666666667	1	0	0.00726867138650258	0.00726867138650258
343_1_10	343	6.740776098	22.9772467579878	5.11546231909294	5.11546231909294	NaN	27.9	1	-5	0.001	0.000373229274947984
343_1_11	343	7.363506657	20.1468848495675	5.10584581340265	5.10584581340264	NaN	13.8333333333333	1	-10	0.0077873361515996	0.0077873361515996
343_1_11	343	7.363506657	20.1468848495675	5.10584581340265	5.10584581340264	NaN	13.8333333333333	1	-5	0.00378485712657176	0.00378485712657176
343_1_11	343	7.363506657	20.1468848495675	5.10584581340265	5.10584581340264	NaN	13.8333333333333	1	0	0.0118135198326018	0.0118135198326018
346_1_3	346	4.290964766	14.315050889622	6.48893877047661	6.48893877047661	NaN	68.4333333333333	1	0	0.00221697892093431	0.00221697892093431
346_1_4	346	5.207644796	19.0408174481133	5.68665612862071	5.68665612862071	NaN	92.8666666666667	1	-5	0.00713160916338121	0.00713160916338121
346_1_4	346	5.207644796	19.0408174481133	5.68665612862071	5.68665612862071	NaN	92.8666666666667	1	0	0.0107754266321782	0.0107754266321782
346_1_6	346	4.062282195	13.4309203924899	4.69688287236138	4.69688287236138	51.3013793278725	35.6	1	-10	0.00632838524998421	0.00632838524998421
346_1_8	346	3.740937317	24.9268198337322	3.01764008434659	3.0176400843466	NaN	91.3666666666667	1	-10	0.001	-0.00279923841756669
346_1_8	346	3.740937317	24.9268198337322	3.01764008434659	3.0176400843466	NaN	91.3666666666667	1	-5	0.00337567033920591	0.00337567033920591
346_1_8	346	3.740937317	24.9268198337322	3.01764008434659	3.0176400843466	NaN	91.3666666666667	1	0	0.00741211734987601	0.00741211734987601
346_1_9	346	3.740937317	35.1490420559544	2.88469040610976	2.88469040610977	NaN	32.8666666666667	1	-5	0.001	-0.000240372508361567
347_1_2	347	5.306205922	26.4159525044748	5.3794616251429	5.3794616251429	34.2973701306928	104.133333333333	1	-10	0.00704356771892892	0.00704356771892892
347_1_2	347	5.306205922	26.4159525044748	5.3794616251429	5.3794616251429	34.2973701306928	104.133333333333	1	-5	0.00414696502542655	0.00414696502542655
347_1_2	347	5.306205922	26.4159525044748	5.3794616251429	5.3794616251429	34.2973701306928	104.133333333333	1	0	0.0167768819749398	0.0167768819749398
347_1_3	347	5.116906584	28.378927577275	9.07480275303016	9.07480275303016	39.4205958604377	92.1333333333333	1	-10	0.00882707154050447	0.00882707154050447
347_1_3	347	5.116906584	28.378927577275	9.07480275303016	9.07480275303016	39.4205958604377	92.1333333333333	1	-5	0.00643498408930293	0.00643498408930293
347_1_3	347	5.116906584	28.378927577275	9.07480275303016	9.07480275303016	39.4205958604377	92.1333333333333	1	0	0.00818805021170868	0.00818805021170868
347_1_4	347	4.312711872	14.8122896680058	6.55044898352799	6.55044898352799	47.4695591426147	104.166666666667	1	-10	0.001	-0.0185950028322728
347_2_1	347	5.893779628	35.9409373614717	2.77378425899669	2.77378425899669	27.9368997627587	1.06666666666667	1	-10	0.0115891870246346	0.0115891870246346
347_2_1	347	5.893779628	35.9409373614717	2.77378425899669	2.77378425899669	27.9368997627587	1.06666666666667	1	-5	0.0181590726014422	0.0181590726014422
347_2_1	347	5.893779628	35.9409373614717	2.77378425899669	2.77378425899669	27.9368997627587	1.06666666666667	1	0	0.025203188139758	0.025203188139758
347_2_2	347	7.069308903	41.665696757195	3.88532396004179	3.88532396004179	32.8993639567804	5	1	0	0.0333423059380712	0.0333423059380712
347_2_3	347	6.202516313	34.2926066427383	6.10252041312959	3.90712641569871	31.9007388666578	11.4	1	-10	0.00630957695354682	0.00630957695354682
347_2_3	347	6.202516313	34.2926066427383	6.10252041312959	3.90712641569871	31.9007388666578	11.4	1	-5	0.0305939948276882	0.0305939948276882
347_2_3	347	6.202516313	34.2926066427383	6.10252041312959	3.90712641569871	31.9007388666578	11.4	1	0	0.0431734150741812	0.0431734150741812
347_2_5	347	4.058838883	24.1712410200263	3.25464006060507	3.25464006060508	NaN	5.3	1	-5	0.00713474497594521	0.00713474497594521
347_2_6	347	3.591779023	15.6779622591108	2.17084366098174	2.17084366098174	NaN	72.2333333333333	1	-10	0.001	0.000356494050695627
347_2_6	347	3.591779023	15.6779622591108	2.17084366098174	2.17084366098174	NaN	72.2333333333333	1	0	0.00742125411044289	0.00742125411044289
347_2_8	347	4.313194605	14.1419520069938	4.22154758279569	4.22154758279569	NaN	75.1	1	-5	0.001	-0.00600883475953598
347_2_9	347	4.062282195	-0.9053304076506	8.91707758411635	8.91707758411633	NaN	75.8	1	0	0.0102632472539613	0.0102632472539613
347_2_10	347	3.434560755	1.62764254898821	6.70709831303401	6.70709831303401	NaN	44.3	1	-10	0.00951424066660377	0.00951424066660377
347_3_1	347	6.102365795	18.8788131211768	5.90366298218852	5.90366298218853	NaN	4.03333333333333	1	-10	0.0229294399097675	0.0229294399097675
347_3_2	347	4.572157594	10.3389939420352	4.6852454283541	4.6852454283541	NaN	127.033333333333	1	-5	0.00674717291757715	0.00674717291757715
347_3_2	347	4.572157594	10.3389939420352	4.6852454283541	4.6852454283541	NaN	127.033333333333	1	0	0.00795582979952072	0.00795582979952072
347_3_3	347	4.144501066	0.563370857245087	8.04135068440797	8.04135068440798	NaN	91.6666666666667	1	-5	0.00372584964469902	0.00372584964469902
347_3_4	347	4.398241206	2.5536991469761	8.27045802453244	8.27045802453244	NaN	69.6333333333333	1	-10	0.001	-0.00438050084399919
347_3_6	347	3.142609215	8.30697624228608	6.1331710192377	6.13317101923772	NaN	75.0333333333333	1	-10	0.0119460188315984	0.0119460188315984
347_3_6	347	3.142609215	8.30697624228608	6.1331710192377	6.13317101923772	NaN	75.0333333333333	1	-5	0.00102502701778018	0.00102502701778018
347_3_6	347	3.142609215	8.30697624228608	6.1331710192377	6.13317101923772	NaN	75.0333333333333	1	0	0.0154659008312182	0.0154659008312182
347_3_7	347	3.611934114	15.2557684907237	3.22006341807116	3.22006341807116	NaN	84.4333333333333	1	-5	0.00726997488246775	0.00726997488246775
347_3_7	347	3.611934114	15.2557684907237	3.22006341807116	3.22006341807116	NaN	84.4333333333333	1	0	0.001	-0.0025034499543497
347_4_3	347	3.002753236	22.6165300814018	2.21158260428718	2.21158260428718	NaN	3.73333333333333	1	-5	0.00153479865224249	0.00153479865224249
347_4_3	347	3.002753236	22.6165300814018	2.21158260428718	2.21158260428718	NaN	3.73333333333333	1	0	0.00517609805216267	0.00517609805216267
347_4_4	347	3.819864924	14.1585150289646	3.6672814906816	3.6672814906816	NaN	34.5	1	-10	0.0079057554775956	0.0079057554775956
347_4_4	347	3.819864924	14.1585150289646	3.6672814906816	3.6672814906816	NaN	34.5	1	-5	0.00666263862398177	0.00666263862398177
347_4_4	347	3.819864924	14.1585150289646	3.6672814906816	3.6672814906816	NaN	34.5	1	0	0.00980272811542938	0.00980272811542938
347_4_5	347	3.286942067	37.7446047955005	2.24825762356392	2.24825762356392	NaN	0.8	1	-10	0.0028081661781359	0.0028081661781359
347_4_5	347	3.286942067	37.7446047955005	2.24825762356392	2.24825762356392	NaN	0.8	1	-5	0.00365260479742294	0.00365260479742294
347_4_5	347	3.286942067	37.7446047955005	2.24825762356392	2.24825762356392	NaN	0.8	1	0	0.00798808871520007	0.00798808871520007
347_4_7	347	3.21451726	8.19632054594341	5.15389773285876	5.15389773285877	NaN	67.3666666666667	1	-10	0.001	6.33532391086725e-05
347_4_7	347	3.21451726	8.19632054594341	5.15389773285876	5.15389773285877	NaN	67.3666666666667	1	0	0.001	-0.010447395289174
355_1_1	355	5.40285878	-12.723751757376	6.9037774690085	6.90377746900851	74.1610428008634	88.3333333333333	1	0	0.0126568836422338	0.0126568836422338
355_1_2	355	5.495854974	-9.24849752378005	8.93609119652286	8.93609119652287	78.8584077246027	96.4666666666667	1	-10	0.00123391248778042	0.00123391248778042
355_1_3	355	5.893779628	-16.0026961241544	8.45750823677908	8.45750823677908	70.5000177208997	64.9333333333333	1	-10	0.00527050179044121	0.00527050179044121
355_1_3	355	5.893779628	-16.0026961241544	8.45750823677908	8.45750823677908	70.5000177208997	64.9333333333333	1	-5	0.00254117418636838	0.00254117418636838
355_2_1	355	7.07337742	23.3000873129263	5.22996789275318	5.22996789275318	NaN	28.0666666666667	1	-10	0.00984699362118378	0.00984699362118378
355_2_1	355	7.07337742	23.3000873129263	5.22996789275318	5.22996789275318	NaN	28.0666666666667	1	-5	0.0312159781118174	0.0312159781118174
355_2_1	355	7.07337742	23.3000873129263	5.22996789275318	5.22996789275318	NaN	28.0666666666667	1	0	0.045065041747478	0.045065041747478
355_2_3	355	5.499387572	-10.3789640452586	6.85360507521729	6.85360507521729	73.0485503895871	68.3	1	-5	0.001	-0.000578310722437775
355_2_3	355	5.499387572	-10.3789640452586	6.85360507521729	6.85360507521729	73.0485503895871	68.3	1	0	0.001	0.000770388568843594
355_2_4	355	5.796470089	-14.756078058367	9.09771681024584	9.09771681024587	70.4521283719074	70.7	1	-10	0.001	-0.00407088210321493
355_2_4	355	5.796470089	-14.756078058367	9.09771681024584	9.09771681024587	70.4521283719074	70.7	1	-5	0.00531918358963927	0.00531918358963927
355_2_5	355	6.631898869	19.2761678983667	5.49530531877276	5.49530531877276	55.8650603165189	55.1666666666667	1	-10	0.023708695669784	0.023708695669784
355_2_5	355	6.631898869	19.2761678983667	5.49530531877276	5.49530531877276	55.8650603165189	55.1666666666667	1	0	0.0025425892261388	0.0025425892261388
355_2_6	355	5.696465604	14.3437771531678	6.46876699402219	6.46876699402219	NaN	1.46666666666667	1	-10	0.001	0.000359280709755262
355_2_6	355	5.696465604	14.3437771531678	6.46876699402219	6.46876699402219	NaN	1.46666666666667	1	-5	0.00214418868879377	0.00214418868879377
355_2_6	355	5.696465604	14.3437771531678	6.46876699402219	6.46876699402219	NaN	1.46666666666667	1	0	0.00628827969869078	0.00628827969869078
355_2_8	355	6.740776098	26.9066175338693	8.41684174969375	8.41684174969375	NaN	67.0333333333333	1	-10	0.001	-0.000176669555099089
355_2_8	355	6.740776098	26.9066175338693	8.41684174969375	8.41684174969375	NaN	67.0333333333333	1	0	0.0044413213154996	0.0044413213154996
355_2_10	355	6.311214819	3.55276703822257	6.11232870798585	6.11232870798586	NaN	30.2	1	-5	0.0128777255558236	0.0128777255558236
355_2_10	355	6.311214819	3.55276703822257	6.11232870798585	6.11232870798586	NaN	30.2	1	0	0.0144904149262875	0.0144904149262875
355_3_2	355	5.055757536	-9.43488547907341	8.78789530939443	8.78789530939443	NaN	44.2	1	-10	0.00506726654141443	0.00506726654141443
355_3_4	355	4.602549087	-2.56650645141808	13.2900928634001	13.2900928634001	NaN	69.2666666666667	1	-5	0.00233828115974029	0.00233828115974029
355_3_4	355	4.602549087	-2.56650645141808	13.2900928634001	13.2900928634001	NaN	69.2666666666667	1	0	0.00447275184826375	0.00447275184826375
355_3_5	355	4.427974193	32.9301089096999	9.68245122863327	9.68245122863329	NaN	54.1666666666667	1	-10	0.00311400188131767	0.00311400188131767
355_3_6	355	4.780949837	7.71174992891427	10.300807283559	10.300807283559	68.1863230167662	61.1	1	-10	0.00168357480233566	0.00168357480233566
355_3_7	355	3.927048211	0.701515592081154	8.7125243071781	8.71252430717811	NaN	64.7	1	-5	0.0030410453733766	0.0030410453733766
355_3_7	355	3.927048211	0.701515592081154	8.7125243071781	8.71252430717811	NaN	64.7	1	0	0.00127474747280307	0.00127474747280307
355_3_8	355	4.257209676	-7.87255761523078	11.227264214978	11.227264214978	NaN	18.5666666666667	1	0	0.0185869458897479	0.0185869458897479
355_3_9	355	4.427974193	-4.40322442363342	7.42558576867262	7.42558576867262	NaN	32.5333333333333	1	0	0.0161054341892544	0.0161054341892544
355_4_1	355	5.932526157	8.88614204841107	5.71780548521759	5.71780548521758	53.3901421147058	50.7666666666667	1	-5	0.00707892557326513	0.00707892557326513
355_4_1	355	5.932526157	8.88614204841107	5.71780548521759	5.71780548521758	53.3901421147058	50.7666666666667	1	0	0.00755271476315147	0.00755271476315147
355_4_2	355	4.602549087	-10.7887286736403	5.79745846398737	5.79745846398737	NaN	42.5666666666667	1	-10	0.00683978568255571	0.00683978568255571
355_4_2	355	4.602549087	-10.7887286736403	5.79745846398737	5.79745846398737	NaN	42.5666666666667	1	-5	0.0147431572297782	0.0147431572297782
355_4_3	355	4.257209676	9.34966460699144	8.61961961439245	8.61961961439245	NaN	9	1	-5	0.00990994097850365	0.00990994097850365
355_4_3	355	4.257209676	9.34966460699144	8.61961961439245	8.61961961439245	NaN	9	1	0	0.011186988425068	0.011186988425068
355_4_4	355	4.427974193	-11.5143355347445	7.32721153507074	7.32721153507074	NaN	22.4333333333333	1	-10	0.00146438474387246	0.00146438474387246
355_4_5	355	3.459977433	5.65520392160575	7.61670845868568	7.61670845868568	NaN	56.2666666666667	1	-10	0.00487554047279856	0.00487554047279856
355_4_5	355	3.459977433	5.65520392160575	7.61670845868568	7.61670845868568	NaN	56.2666666666667	1	-5	0.00250585121929976	0.00250585121929976
355_4_5	355	3.459977433	5.65520392160575	7.61670845868568	7.61670845868568	NaN	56.2666666666667	1	0	0.00900482174522091	0.00900482174522091
355_4_6	355	3.2389934	5.88945591048494	6.19338824818176	6.19338824818176	NaN	86.6333333333333	1	-5	0.00199545912835479	0.00199545912835479
355_4_7	355	3.311730946	6.44717869481942	9.97770449011124	9.97770449011125	NaN	68.9	1	-10	0.001	-0.00622090157526212
355_4_7	355	3.311730946	6.44717869481942	9.97770449011124	9.97770449011125	NaN	68.9	1	-5	0.001	0.000731488884552586
355_4_12	355	3.084349458	7.97274587892364	9.03036979211112	9.03036979211111	NaN	47.8666666666667	1	-5	0.001	9.26963547549786e-05
355_4_12	355	3.084349458	7.97274587892364	9.03036979211112	9.03036979211111	NaN	47.8666666666667	1	0	0.00332027059238903	0.00332027059238903
355_4_13	355	3.299334586	31.6464465419019	5.30232388009558	5.30232388009558	NaN	6.36666666666667	1	-10	0.001	0.00021044020738889
355_4_13	355	3.299334586	31.6464465419019	5.30232388009558	5.30232388009558	NaN	6.36666666666667	1	-5	0.001	-0.000537477107355319
355_4_14	355	3.084349458	19.5283014344792	6.54280261725619	6.54280261725618	NaN	63.2	1	-5	0.001	0.000130257101690984
355_4_14	355	3.084349458	19.5283014344792	6.54280261725619	6.54280261725618	NaN	63.2	1	0	0.001	0.000435844047730255
355_4_15	355	3.299334586	10.9797798752353	13.2421899124556	13.2421899124557	NaN	86.6666666666667	1	-5	0.001	-0.00346718859368372
355_5_2	355	7.414965493	24.8424179170995	5.0399547407751	5.03995474077509	NaN	41.7666666666667	1	0	0.0105545833061763	0.0105545833061763
355_5_3	355	7.186239553	48.5594326109369	4.00523763459309	4.0052376345931	NaN	30.5	1	-10	0.00345158479712345	0.00345158479712345
355_6_1	355	5.402310572	48.8348544372492	11.1132168180399	11.1132168180398	NaN	52.4666666666667	1	-10	0.001	-0.000486852829647146
355_6_1	355	5.402310572	48.8348544372492	11.1132168180399	11.1132168180398	NaN	52.4666666666667	1	-5	0.001	0.00098150053391035
355_6_1	355	5.402310572	48.8348544372492	11.1132168180399	11.1132168180398	NaN	52.4666666666667	1	0	0.001	0.000914765911340324
355_6_2	355	6.206297353	21.9698841763396	6.60453888864704	6.60453888864704	NaN	45.3333333333333	1	-10	0.001	-0.00246900796060475
358_1_2	358	3.254048792	41.2643296582036	3.41695589278021	3.41695589278021	12.2803069111802	22.7333333333333	0	0	0.00358879465520818	0.00358879465520818
358_2_2	358	4.709846964	8.29717533279358	4.75291179141855	4.75291179141855	48.4779179579829	72.6666666666667	0	-10	0.00343041490940542	0.00343041490940542
358_2_3	358	7.478924993	34.8174248805296	3.05830704935951	3.05830704935951	25.5718205723156	61.2	0	-5	0.001	0.00085950932697617
358_2_3	358	7.478924993	34.8174248805296	3.05830704935951	3.05830704935951	25.5718205723156	61.2	0	0	0.0101311544849742	0.0101311544849742
358_3_1	358	3.604231056	58.2560419981613	2.87900936740108	0.992806700754379	7.42965699805195	58.8	0	-10	0.00329326618363768	0.00329326618363768
358_3_1	358	3.604231056	58.2560419981613	2.87900936740108	0.992806700754379	7.42965699805195	58.8	0	-5	0.00563233366708013	0.00563233366708013
358_3_1	358	3.604231056	58.2560419981613	2.87900936740108	0.992806700754379	7.42965699805195	58.8	0	0	0.0144077810822603	0.0144077810822603
358_3_3	358	5.631497897	32.3472464732801	11.3708266139819	11.3708266139819	43.8425857008847	79.8	0	-10	0.00230114613051842	0.00230114613051842
358_3_4	358	4.691270275	44.9601017211033	3.10584586289982	3.10584586289982	14.1546190712162	3.43333333333333	0	-10	0.001	-0.000666135690225392
358_3_4	358	4.691270275	44.9601017211033	3.10584586289982	3.10584586289982	14.1546190712162	3.43333333333333	0	-5	0.001	-0.00103911432400242
358_3_4	358	4.691270275	44.9601017211033	3.10584586289982	3.10584586289982	14.1546190712162	3.43333333333333	0	0	0.001	-0.001750047193937
360_2_1	360	4.025167071	39.2673677667927	2.89561599572838	2.89561599572838	18.9085624091554	57.7333333333333	0	-10	0.001	-0.0016768731276767
360_2_2	360	3.767618626	40.9122336583402	3.53678981685109	3.53678981685109	16.9283929890805	59.7	0	-10	0.00396618366730971	0.00396618366730971
360_2_2	360	3.767618626	40.9122336583402	3.53678981685109	3.53678981685109	16.9283929890805	59.7	0	-5	0.00205235637127693	0.00205235637127693
360_2_2	360	3.767618626	40.9122336583402	3.53678981685109	3.53678981685109	16.9283929890805	59.7	0	0	0.00765349267179102	0.00765349267179102
361_1_1	361	6.911842149	61.6088061896245	2.34483441777873	0.971406583053112	7.2312543081439	104.733333333333	0	-10	0.001	0.000156350139216194
361_1_1	361	6.911842149	61.6088061896245	2.34483441777873	0.971406583053112	7.2312543081439	104.733333333333	0	-5	0.0134943966278315	0.0134943966278315
361_1_1	361	6.911842149	61.6088061896245	2.34483441777873	0.971406583053112	7.2312543081439	104.733333333333	0	0	0.0280066399154488	0.0280066399154488
361_1_2	361	6.369666559	74.5374595922466	2.0339276577002	2.0339276577002	21.2871442282755	1.06666666666667	0	-10	0.001	-0.00153757130142171
361_1_2	361	6.369666559	74.5374595922466	2.0339276577002	2.0339276577002	21.2871442282755	1.06666666666667	0	0	0.00173530634021435	0.00173530634021435
361_1_3	361	3.943846685	44.6376945595934	4.49933440718439	4.49933440718439	15.6958383130721	97	0	-5	0.0105761939907545	0.0105761939907545
361_1_5	361	3.326978166	50.089561813159	3.25587409854266	0.973466831535465	3.78021105431686	50.8333333333333	0	-5	0.0032093384648271	0.0032093384648271
361_1_5	361	3.326978166	50.089561813159	3.25587409854266	0.973466831535465	3.78021105431686	50.8333333333333	0	0	0.00827926845630174	0.00827926845630174
361_1_6	361	3.846864221	54.040702811679	2.94118679537992	2.94118679537992	13.5120007946884	62.4666666666667	0	-5	0.00977828115542889	0.00977828115542889
361_1_7	361	3.09627822	62.384806961368	1.90049185616099	0.953635028666079	-4.32795268002138	28.2666666666667	0	-10	0.001	-0.00083607027527241
361_1_7	361	3.09627822	62.384806961368	1.90049185616099	0.953635028666079	-4.32795268002138	28.2666666666667	0	-5	0.001	0.000997060964436913
361_1_7	361	3.09627822	62.384806961368	1.90049185616099	0.953635028666079	-4.32795268002138	28.2666666666667	0	0	0.001	-0.000992388550167735
361_1_8	361	3.535490887	60.4620743428452	2.51392199335057	1.11076030732289	9.92568397081404	70.6333333333333	0	0	0.001	0.000351141758009654
361_1_9	361	3.489988026	58.2757748566377	2.35684858717492	1.03206508927266	-1.13193265860161	61.9333333333333	0	-5	0.0181017823117317	0.0181017823117317
361_1_10	361	3.054101812	78.7667622214617	1.54637479595558	1.00409204338052	0.137427922975419	1.73333333333333	0	-10	0.001	-0.000162893852325768
361_1_10	361	3.054101812	78.7667622214617	1.54637479595558	1.00409204338052	0.137427922975419	1.73333333333333	0	-5	0.001	-0.00012584276524363
361_1_10	361	3.054101812	78.7667622214617	1.54637479595558	1.00409204338052	0.137427922975419	1.73333333333333	0	0	0.001	-0.000223898588276535
361_1_11	361	3.195713706	58.7646703336535	2.21440195643109	0.935613199296593	2.37782408072594	37.0666666666667	0	0	0.001	-0.00894739367299946
361_1_14	361	3.21451726	66.2808300079148	2.53454161994191	0.965075714866145	5.911696143556	6.93333333333333	0	-5	0.001	-0.00418297141885104
361_1_14	361	3.21451726	66.2808300079148	2.53454161994191	0.965075714866145	5.911696143556	6.93333333333333	0	0	0.0059266778365835	0.0059266778365835
361_1_15	361	4.661052919	61.2403132308725	2.71901865910615	2.71901865910615	24.0126054810713	82.1333333333333	0	-10	0.001	-0.00491411874127862
361_1_16	361	3.585886603	77.0689600367381	3.22718949224623	3.22718949224623	24.5786220200387	1.1	0	-5	0.00864167379162776	0.00864167379162776
361_1_16	361	3.585886603	77.0689600367381	3.22718949224623	3.22718949224623	24.5786220200387	1.1	0	0	0.00662297909181019	0.00662297909181019
361_1_18	361	3.002753236	75.7537570710913	2.02116572468944	0.980425913888433	2.95088904944362	4.23333333333333	0	-10	0.001	-0.000739089267161083
361_1_18	361	3.002753236	75.7537570710913	2.02116572468944	0.980425913888433	2.95088904944362	4.23333333333333	0	-5	0.00322365933614026	0.00322365933614026
361_1_18	361	3.002753236	75.7537570710913	2.02116572468944	0.980425913888433	2.95088904944362	4.23333333333333	0	0	0.00844668185549152	0.00844668185549152
361_1_19	361	3.740937317	56.2821425623774	3.78258036932364	3.78258036932365	32.9104951829136	20.8	0	-5	0.0394816291475013	0.0394816291475013
361_1_20	361	3.360289139	73.9682836038744	2.33465668523857	2.33465668523857	15.4175995345988	6.3	0	-10	0.001	-0.00246225175405254
361_1_20	361	3.360289139	73.9682836038744	2.33465668523857	2.33465668523857	15.4175995345988	6.3	0	-5	0.00120196981506838	0.00120196981506838
361_1_20	361	3.360289139	73.9682836038744	2.33465668523857	2.33465668523857	15.4175995345988	6.3	0	0	0.001	0.000680929082475946
361_1_21	361	3.072425193	60.1824654276997	2.68247220147767	0.949807739934607	6.49424278427591	20.3	0	-5	0.00177147641863894	0.00177147641863894
361_1_21	361	3.072425193	60.1824654276997	2.68247220147767	0.949807739934607	6.49424278427591	20.3	0	0	0.00199043901433653	0.00199043901433653
361_2_1	361	5.306748616	49.1661247555308	4.1793090288954	4.1793090288954	32.8019179546094	49.4666666666667	0	-10	0.00232180316622874	0.00232180316622874
361_2_1	361	5.306748616	49.1661247555308	4.1793090288954	4.1793090288954	32.8019179546094	49.4666666666667	0	-5	0.0214777383040676	0.0214777383040676
361_2_1	361	5.306748616	49.1661247555308	4.1793090288954	4.1793090288954	32.8019179546094	49.4666666666667	0	0	0.0563677744297656	0.0563677744297656
361_2_2	361	5.211609044	65.315440883052	4.33045565123257	4.33045565123257	23.6677351861289	76.0666666666667	0	-5	0.00852143004743297	0.00852143004743297
361_2_3	361	5.597997935	82.9059673713898	2.42654294312658	0.985071064387453	-5.28364691155031	9.8	0	-10	0.001	-0.00069930464951772
361_2_3	361	5.597997935	82.9059673713898	2.42654294312658	0.985071064387453	-5.28364691155031	9.8	0	-5	0.001	-0.00158770198885928
361_2_3	361	5.597997935	82.9059673713898	2.42654294312658	0.985071064387453	-5.28364691155031	9.8	0	0	0.001	-0.000361311749524005
361_2_4	361	5.40285878	66.5967198255488	4.75605794618944	1.05208165342416	6.3831439504573	79.1333333333333	0	-5	0.00591809605755911	0.00591809605755911
362_1_2	362	5.302743749	32.6203945117002	9.1642638268297	9.16426382682967	26.2743723433748	36.8333333333333	0	0	0.00127411359203775	0.00127411359203775
362_1_3	362	6.098620429	22.7746115406906	11.6066167438457	5.64653646954246	33.7670687297029	76.3666666666667	0	-5	0.0109946507589554	0.0109946507589554
362_1_3	362	6.098620429	22.7746115406906	11.6066167438457	5.64653646954246	33.7670687297029	76.3666666666667	0	0	0.00640271640750825	0.00640271640750825
362_1_4	362	5.398813219	20.2855317226275	10.3898437240063	10.3898437240063	40.3562649458135	23.8	0	-10	0.001	-0.00632194934536437
362_1_4	362	5.398813219	20.2855317226275	10.3898437240063	10.3898437240063	40.3562649458135	23.8	0	-5	0.001	-0.000243532026915461
362_1_4	362	5.398813219	20.2855317226275	10.3898437240063	10.3898437240063	40.3562649458135	23.8	0	0	0.00581461380746431	0.00581461380746431
362_2_1	362	6.911842149	60.6129546633215	1.04383527126388	1.04383527126388	2.38783333390583	26.4666666666667	0	0	0.0670599552543995	0.0670599552543995
362_2_2	362	3.863467221	27.200263292552	9.66752426170825	4.27837846387316	26.1732946982702	45.8	0	-5	0.00356311497548889	0.00356311497548889
362_3_2	362	7.24909071	81.1684642716533	2.64041714641066	0.868382297707909	-0.0726081430575363	64.7	0	-10	0.00750546792340021	0.00750546792340021
362_3_3	362	3.943846685	73.8173436365651	2.11164000382224	0.901848360231726	-8.42592805699225	9.16666666666667	0	-10	0.001	0.000515907004896322
362_3_3	362	3.943846685	73.8173436365651	2.11164000382224	0.901848360231726	-8.42592805699225	9.16666666666667	0	-5	0.0105474090908641	0.0105474090908641
362_3_3	362	3.943846685	73.8173436365651	2.11164000382224	0.901848360231726	-8.42592805699225	9.16666666666667	0	0	0.0200062258528618	0.0200062258528618
367_3_2	367	4.309632294	29.2423344913109	1.46389732453997	1.46389732453997	15.1387995108315	31.3	0	0	0.00257847848728954	0.00257847848728954
367_3_3	367	6.520125558	43.1207719622025	4.74145333250751	4.74145333250751	25.7296906120285	42.0333333333333	0	-10	0.00237314884526121	0.00237314884526121
367_3_3	367	6.520125558	43.1207719622025	4.74145333250751	4.74145333250751	25.7296906120285	42.0333333333333	0	-5	0.0116218587173585	0.0116218587173585
367_3_6	367	3.211503473	56.7338232034081	6.89323899353161	2.29502765259064	20.2488065949378	87.1333333333333	0	-10	0.00181439691335326	0.00181439691335326
367_3_6	367	3.211503473	56.7338232034081	6.89323899353161	2.29502765259064	20.2488065949378	87.1333333333333	0	-5	0.00454531318182994	0.00454531318182994
367_3_6	367	3.211503473	56.7338232034081	6.89323899353161	2.29502765259064	20.2488065949378	87.1333333333333	0	0	0.0013882529859648	0.0013882529859648
370_2_1	370	4.620926565	51.2081372406324	3.55405540120292	3.55405540120292	13.4287753620027	1.16666666666667	0	-10	0.001	7.19784246621131e-05
370_2_1	370	4.620926565	51.2081372406324	3.55405540120292	3.55405540120292	13.4287753620027	1.16666666666667	0	-5	0.001	0.000511318984009003
370_2_1	370	4.620926565	51.2081372406324	3.55405540120292	3.55405540120292	13.4287753620027	1.16666666666667	0	0	0.001	0.000372739072291653
370_4_8	370	3.326978166	62.1349615136733	2.82398467024476	1.0335748671645	12.0556643755333	33.0666666666667	0	-10	0.001	0.00023420087839477
370_4_8	370	3.326978166	62.1349615136733	2.82398467024476	1.0335748671645	12.0556643755333	33.0666666666667	0	-5	0.00279233775836366	0.00279233775836366
370_4_8	370	3.326978166	62.1349615136733	2.82398467024476	1.0335748671645	12.0556643755333	33.0666666666667	0	0	0.00414608457691062	0.00414608457691062
373_1_2	373	6.453892159	18.9903434630151	3.71834742638242	NaN	42.6718005666239	91.4666666666667	1	-10	0.001005927604563	0.001005927604563
373_1_2	373	6.453892159	18.9903434630151	3.71834742638242	NaN	42.6718005666239	91.4666666666667	1	-5	0.00429658552163381	0.00429658552163381
373_1_2	373	6.453892159	18.9903434630151	3.71834742638242	NaN	42.6718005666239	91.4666666666667	1	0	0.001	0.000243861857229494
373_1_3	373	7.530832298	14.5659940375252	3.61570990585318	3.61570990585318	47.3505926782353	68.1666666666667	1	-5	0.00622444201835584	0.00622444201835584
373_1_3	373	7.530832298	14.5659940375252	3.61570990585318	3.61570990585318	47.3505926782353	68.1666666666667	1	0	0.00171000734028719	0.00171000734028719
373_1_4	373	4.931475215	29.0812958684993	4.87753256317148	4.87753256317148	NaN	0.3	1	-10	0.001	0.000746914001590506
373_1_6	373	6.102365795	28.1021378025628	4.1486408068101	4.1486408068101	NaN	0.166666666666667	1	0	0.031726900484588	0.031726900484588
373_1_7	373	3.359870257	26.1919962745589	4.05372762592939	4.05372762592939	27.4400403942876	91	1	-10	0.00363738101766116	0.00363738101766116
373_1_7	373	3.359870257	26.1919962745589	4.05372762592939	4.05372762592939	27.4400403942876	91	1	-5	0.00489902094556983	0.00489902094556983
373_1_7	373	3.359870257	26.1919962745589	4.05372762592939	4.05372762592939	27.4400403942876	91	1	0	0.00630712830731012	0.00630712830731012
